PIDRelay
Kp	Ki	Kd	Kr
0.400000	0.200000	0.000000	0.100000
SaidaP	SaidaI	SaidaD	SaidaR
0.000000	0.000000	0.000000	0.000000
0.000000	0.000000	0.000000	0.000000
0.000000	0.000000	0.000000	0.000000
0.000000	0.000000	0.000000	0.000000
0.000000	0.000000	0.000000	0.000000
0.000000	0.000000	0.000000	0.000000
0.000000	0.000000	0.000000	0.000000
0.000000	0.000000	0.000000	0.000000
0.000000	0.000000	0.000000	0.000000
0.000000	0.000000	0.000000	0.000000
0.000000	0.000000	0.000000	0.000000
0.000000	0.000000	0.000000	0.000000
0.000000	0.000000	0.000000	0.000000
0.000000	0.000000	0.000000	0.000000
0.000000	0.000000	0.000000	0.000000
0.000000	0.000000	0.000000	0.000000
0.000000	0.000000	0.000000	0.000000
0.000000	0.000000	0.000000	0.000000
0.000000	0.000000	0.000000	0.000000
0.000000	0.000000	0.000000	0.000000
0.000000	0.000000	0.000000	0.000000
0.000000	0.000000	0.000000	0.000000
0.000000	0.000000	0.000000	0.000000
0.000000	0.000000	0.000000	0.000000
0.000000	0.000000	0.000000	0.000000
0.000000	0.000000	0.000000	0.000000
0.000000	0.000000	0.000000	0.000000
0.000000	0.000000	0.000000	0.000000
0.000000	0.000000	0.000000	0.000000
0.000000	0.000000	0.000000	0.000000
0.000000	0.000000	0.000000	0.000000
0.000000	0.000000	0.000000	0.000000
0.000000	0.000000	0.000000	0.000000
0.000000	0.000000	0.000000	0.000000
0.000000	0.000000	0.000000	0.000000
0.000000	0.000000	0.000000	0.000000
0.000000	0.000000	0.000000	0.000000
0.000000	0.000000	0.000000	0.000000
0.000000	0.000000	0.000000	0.000000
0.000000	0.000000	0.000000	0.000000
0.000000	0.000000	0.000000	0.000000
0.000000	0.000000	0.000000	0.000000
0.000000	0.000000	0.000000	0.000000
0.000000	0.000000	0.000000	0.000000
0.000000	0.000000	0.000000	0.000000
0.000000	0.000000	0.000000	0.000000
0.000000	0.000000	0.000000	0.000000
0.000000	0.000000	0.000000	0.000000
0.000000	0.000000	0.000000	0.000000
0.000000	0.000000	0.000000	0.000000
0.000000	0.000000	0.000000	0.000000
0.000000	0.000000	0.000000	0.000000
0.000000	0.000000	0.000000	0.000000
0.000000	0.000000	0.000000	0.000000
0.000000	0.000000	0.000000	0.000000
0.000000	0.000000	0.000000	0.000000
0.000000	0.000000	0.000000	0.000000
0.000000	0.000000	0.000000	0.000000
0.000000	0.000000	0.000000	0.000000
0.000000	0.000000	0.000000	0.000000
0.000000	0.000000	0.000000	0.000000
0.000000	0.000000	0.000000	0.000000
0.000000	0.000000	0.000000	0.000000
0.000000	0.000000	0.000000	0.000000
0.000000	0.000000	0.000000	0.000000
0.000000	0.000000	0.000000	0.000000
0.000000	0.000000	0.000000	0.000000
0.000000	0.000000	0.000000	0.000000
0.000000	0.000000	0.000000	0.000000
0.000000	0.000000	0.000000	0.000000
0.000000	0.000000	0.000000	0.000000
0.000000	0.000000	0.000000	0.000000
0.000000	0.000000	0.000000	0.000000
0.000000	0.000000	0.000000	0.000000
0.000000	0.000000	0.000000	0.000000
0.000000	0.000000	0.000000	0.000000
0.000000	0.000000	0.000000	0.000000
0.000000	0.000000	0.000000	0.000000
0.000000	0.000000	0.000000	0.000000
0.000000	0.000000	0.000000	0.000000
0.000000	0.000000	0.000000	0.000000
0.000000	0.000000	0.000000	0.000000
0.000000	0.000000	0.000000	0.000000
0.000000	0.000000	0.000000	0.000000
0.000000	0.000000	0.000000	0.000000
0.000000	0.000000	0.000000	0.000000
0.000000	0.000000	0.000000	0.000000
0.000000	0.000000	0.000000	0.000000
0.000000	0.000000	0.000000	0.000000
0.000000	0.000000	0.000000	0.000000
0.000000	0.000000	0.000000	0.000000
0.000000	0.000000	0.000000	0.000000
0.000000	0.000000	0.000000	0.000000
0.000000	0.000000	0.000000	0.000000
0.000000	0.000000	0.000000	0.000000
0.000000	0.000000	0.000000	0.000000
0.000000	0.000000	0.000000	0.000000
0.000000	0.000000	0.000000	0.000000
0.000000	0.000000	0.000000	0.000000
0.000000	0.000000	0.000000	0.000000
0.000000	0.000000	0.000000	0.000000
0.000000	0.000000	0.000000	0.000000
0.000000	0.000000	0.000000	0.000000
0.000000	0.000000	0.000000	0.000000
0.000000	0.000000	0.000000	0.000000
0.000000	0.000000	0.000000	0.000000
0.000000	0.000000	0.000000	0.000000
0.000000	0.000000	0.000000	0.000000
0.000000	0.000000	0.000000	0.000000
0.000000	0.000000	0.000000	0.000000
0.000000	0.000000	0.000000	0.000000
0.000000	0.000000	0.000000	0.000000
0.000000	0.000000	0.000000	0.000000
0.000000	0.000000	0.000000	0.000000
0.000000	0.000000	0.000000	0.000000
0.000000	0.000000	0.000000	0.000000
0.000000	0.000000	0.000000	0.000000
0.000000	0.000000	0.000000	0.000000
0.000000	0.000000	0.000000	0.000000
0.000000	0.000000	0.000000	0.000000
0.000000	0.000000	0.000000	0.000000
0.000000	0.000000	0.000000	0.000000
0.000000	0.000000	0.000000	0.000000
0.000000	0.000000	0.000000	0.000000
0.000000	0.000000	0.000000	0.000000
0.000000	0.000000	0.000000	0.000000
0.000000	0.000000	0.000000	0.000000
0.000000	0.000000	0.000000	0.000000
0.000000	0.000000	0.000000	0.000000
0.000000	0.000000	0.000000	0.000000
0.000000	0.000000	0.000000	0.000000
0.000000	0.000000	0.000000	0.000000
0.000000	0.000000	0.000000	0.000000
0.000000	0.000000	0.000000	0.000000
0.000000	0.000000	0.000000	0.000000
0.000000	0.000000	0.000000	0.000000
0.000000	0.000000	0.000000	0.000000
0.000000	0.000000	0.000000	0.000000
0.000000	0.000000	0.000000	0.000000
0.000000	0.000000	0.000000	0.000000
0.000000	0.000000	0.000000	0.000000
0.000000	0.000000	0.000000	0.000000
0.000000	0.000000	0.000000	0.000000
0.000000	0.000000	0.000000	0.000000
0.000000	0.000000	0.000000	0.000000
0.000000	0.000000	0.000000	0.000000
0.000000	0.000000	0.000000	0.000000
0.000000	0.000000	0.000000	0.000000
0.000000	0.000000	0.000000	0.000000
0.000000	0.000000	0.000000	0.000000
0.000000	0.000000	0.000000	0.000000
0.000000	0.000000	0.000000	0.000000
0.000000	0.000000	0.000000	0.000000
0.000000	0.000000	0.000000	0.000000
0.000000	0.000000	0.000000	0.000000
0.000000	0.000000	0.000000	0.000000
0.000000	0.000000	0.000000	0.000000
0.000000	0.000000	0.000000	0.000000
0.000000	0.000000	0.000000	0.000000
0.000000	0.000000	0.000000	0.000000
0.000000	0.000000	0.000000	0.000000
0.000000	0.000000	0.000000	0.000000
0.000000	0.000000	0.000000	0.000000
0.000000	0.000000	0.000000	0.000000
0.000000	0.000000	0.000000	0.000000
0.000000	0.000000	0.000000	0.000000
0.000000	0.000000	0.000000	0.000000
0.000000	0.000000	0.000000	0.000000
0.000000	0.000000	0.000000	0.000000
0.000000	0.000000	0.000000	0.000000
0.000000	0.000000	0.000000	0.000000
0.000000	0.000000	0.000000	0.000000
0.000000	0.000000	0.000000	0.000000
0.000000	0.000000	0.000000	0.000000
0.000000	0.000000	0.000000	0.000000
0.000000	0.000000	0.000000	0.000000
0.000000	0.000000	0.000000	0.000000
0.000000	0.000000	0.000000	0.000000
0.000000	0.000000	0.000000	0.000000
0.000000	0.000000	0.000000	0.000000
0.000000	0.000000	0.000000	0.000000
0.000000	0.000000	0.000000	0.000000
0.000000	0.000000	0.000000	0.000000
0.000000	0.000000	0.000000	0.000000
0.000000	0.000000	0.000000	0.000000
0.000000	0.000000	0.000000	0.000000
0.000000	0.000000	0.000000	0.000000
0.000000	0.000000	0.000000	0.000000
0.000000	0.000000	0.000000	0.000000
0.000000	0.000000	0.000000	0.000000
0.000000	0.000000	0.000000	0.000000
0.000000	0.000000	0.000000	0.000000
0.000000	0.000000	0.000000	0.000000
0.000000	0.000000	0.000000	0.000000
0.000000	0.000000	0.000000	0.000000
0.000000	0.000000	0.000000	0.000000
0.000000	0.000000	0.000000	0.000000
0.000000	0.000000	0.000000	0.000000
0.000000	0.000000	0.000000	0.000000
0.000000	0.000000	0.000000	0.000000
0.000000	0.000000	0.000000	0.000000
0.000000	0.000000	0.000000	0.000000
0.000000	0.000000	0.000000	0.000000
0.000000	0.000000	0.000000	0.000000
0.000000	0.000000	0.000000	0.000000
0.000000	0.000000	0.000000	0.000000
0.000000	0.000000	0.000000	0.000000
0.000000	0.000000	0.000000	0.000000
0.000000	0.000000	0.000000	0.000000
0.000000	0.000000	0.000000	0.000000
0.000000	0.000000	0.000000	0.000000
0.000000	0.000000	0.000000	0.000000
0.000000	0.000000	0.000000	0.000000
0.000000	0.000000	0.000000	0.000000
0.000000	0.000000	0.000000	0.000000
0.000000	0.000000	0.000000	0.000000
0.000000	0.000000	0.000000	0.000000
0.000000	0.000000	0.000000	0.000000
0.000000	0.000000	0.000000	0.000000
0.000000	0.000000	0.000000	0.000000
0.000000	0.000000	0.000000	0.000000
0.000000	0.000000	0.000000	0.000000
0.000000	0.000000	0.000000	0.000000
0.000000	0.000000	0.000000	0.000000
0.000000	0.000000	0.000000	0.000000
0.000000	0.000000	0.000000	0.000000
0.000000	0.000000	0.000000	0.000000
0.000000	0.000000	0.000000	0.000000
0.000000	0.000000	0.000000	0.000000
0.000000	0.000000	0.000000	0.000000
0.000000	0.000000	0.000000	0.000000
0.000000	0.000000	0.000000	0.000000
0.000000	0.000000	0.000000	0.000000
0.000000	0.000000	0.000000	0.000000
0.000000	0.000000	0.000000	0.000000
0.000000	0.000000	0.000000	0.000000
0.000000	0.000000	0.000000	0.000000
0.000000	0.000000	0.000000	0.000000
0.000000	0.000000	0.000000	0.000000
0.000000	0.000000	0.000000	0.000000
0.000000	0.000000	0.000000	0.000000
0.000000	0.000000	0.000000	0.000000
0.000000	0.000000	0.000000	0.000000
0.000000	0.000000	0.000000	0.000000
0.000000	0.000000	0.000000	0.000000
0.000000	0.000000	0.000000	0.000000
0.000000	0.000000	0.000000	0.000000
0.000000	0.000000	0.000000	0.000000
0.000000	0.000000	0.000000	0.000000
0.000000	0.000000	0.000000	0.000000
0.000000	0.000000	0.000000	0.000000
0.000000	0.000000	0.000000	0.000000
0.000000	0.000000	0.000000	0.000000
0.000000	0.000000	0.000000	0.000000
0.000000	0.000000	0.000000	0.000000
0.000000	0.000000	0.000000	0.000000
0.000000	0.000000	0.000000	0.000000
0.000000	0.000000	0.000000	0.000000
0.000000	0.000000	0.000000	0.000000
0.000000	0.000000	0.000000	0.000000
0.000000	0.000000	0.000000	0.000000
0.000000	0.000000	0.000000	0.000000
0.000000	0.000000	0.000000	0.000000
0.000000	0.000000	0.000000	0.000000
0.000000	0.000000	0.000000	0.000000
0.000000	0.000000	0.000000	0.000000
0.000000	0.000000	0.000000	0.000000
0.000000	0.000000	0.000000	0.000000
0.000000	0.000000	0.000000	0.000000
0.000000	0.000000	0.000000	0.000000
0.000000	0.000000	0.000000	0.000000
0.000000	0.000000	0.000000	0.000000
0.000000	0.000000	0.000000	0.000000
0.000000	0.000000	0.000000	0.000000
0.000000	0.000000	0.000000	0.000000
0.000000	0.000000	0.000000	0.000000
0.000000	0.000000	0.000000	0.000000
0.000000	0.000000	0.000000	0.000000
0.000000	0.000000	0.000000	0.000000
0.000000	0.000000	0.000000	0.000000
0.000000	0.000000	0.000000	0.000000
0.000000	0.000000	0.000000	0.000000
0.000000	0.000000	0.000000	0.000000
0.000000	0.000000	0.000000	0.000000
0.000000	0.000000	0.000000	0.000000
0.000000	0.000000	0.000000	0.000000
0.000000	0.000000	0.000000	0.000000
0.000000	0.000000	0.000000	0.000000
0.000000	0.000000	0.000000	0.000000
0.000000	0.000000	0.000000	0.000000
0.000000	0.000000	0.000000	0.000000
0.000000	0.000000	0.000000	0.000000
0.000000	0.000000	0.000000	0.000000
0.000000	0.000000	0.000000	0.000000
0.000000	0.000000	0.000000	0.000000
0.000000	0.000000	0.000000	0.000000
0.000000	0.000000	0.000000	0.000000
0.000000	0.000000	0.000000	0.000000
0.000000	0.000000	0.000000	0.000000
0.000000	0.000000	0.000000	0.000000
0.000000	0.000000	0.000000	0.000000
0.000000	0.000000	0.000000	0.000000
0.000000	0.000000	0.000000	0.000000
0.000000	0.000000	0.000000	0.000000
0.000000	0.000000	0.000000	0.000000
0.000000	0.000000	0.000000	0.000000
0.000000	0.000000	0.000000	0.000000
0.000000	0.000000	0.000000	0.000000
0.000000	0.000000	0.000000	0.000000
0.000000	0.000000	0.000000	0.000000
0.000000	0.000000	0.000000	0.000000
0.000000	0.000000	0.000000	0.000000
0.000000	0.000000	0.000000	0.000000
0.000000	0.000000	0.000000	0.000000
0.000000	0.000000	0.000000	0.000000
0.000000	0.000000	0.000000	0.000000
0.000000	0.000000	0.000000	0.000000
0.000000	0.000000	0.000000	0.000000
0.000000	0.000000	0.000000	0.000000
0.000000	0.000000	0.000000	0.000000
0.000000	0.000000	0.000000	0.000000
0.000000	0.000000	0.000000	0.000000
0.000000	0.000000	0.000000	0.000000
0.000000	0.000000	0.000000	0.000000
0.000000	0.000000	0.000000	0.000000
0.000000	0.000000	0.000000	0.000000
0.000000	0.000000	0.000000	0.000000
0.000000	0.000000	0.000000	0.000000
0.000000	0.000000	0.000000	0.000000
0.000000	0.000000	0.000000	0.000000
0.000000	0.000000	0.000000	0.000000
0.000000	0.000000	0.000000	0.000000
0.000000	0.000000	0.000000	0.000000
0.000000	0.000000	0.000000	0.000000
0.000000	0.000000	0.000000	0.000000
0.000000	0.000000	0.000000	0.000000
0.000000	0.000000	0.000000	0.000000
0.000000	0.000000	0.000000	0.000000
0.000000	0.000000	0.000000	0.000000
0.000000	0.000000	0.000000	0.000000
0.000000	0.000000	0.000000	0.000000
0.000000	0.000000	0.000000	0.000000
0.000000	0.000000	0.000000	0.000000
0.000000	0.000000	0.000000	0.000000
0.000000	0.000000	0.000000	0.000000
0.000000	0.000000	0.000000	0.000000
0.000000	0.000000	0.000000	0.000000
0.000000	0.000000	0.000000	0.000000
0.000000	0.000000	0.000000	0.000000
0.000000	0.000000	0.000000	0.000000
0.000000	0.000000	0.000000	0.000000
0.000000	0.000000	0.000000	0.000000
0.000000	0.000000	0.000000	0.000000
0.000000	0.000000	0.000000	0.000000
0.000000	0.000000	0.000000	0.000000
0.000000	0.000000	0.000000	0.000000
0.000000	0.000000	0.000000	0.000000
0.000000	0.000000	0.000000	0.000000
0.000000	0.000000	0.000000	0.000000
0.000000	0.000000	0.000000	0.000000
0.000000	0.000000	0.000000	0.000000
0.000000	0.000000	0.000000	0.000000
0.000000	0.000000	0.000000	0.000000
0.000000	0.000000	0.000000	0.000000
0.000000	0.000000	0.000000	0.000000
0.000000	0.000000	0.000000	0.000000
0.000000	0.000000	0.000000	0.000000
0.000000	0.000000	0.000000	0.000000
0.000000	0.000000	0.000000	0.000000
0.000000	0.000000	0.000000	0.000000
0.000000	0.000000	0.000000	0.000000
0.000000	0.000000	0.000000	0.000000
0.000000	0.000000	0.000000	0.000000
0.000000	0.000000	0.000000	0.000000
0.000000	0.000000	0.000000	0.000000
0.000000	0.000000	0.000000	0.000000
0.000000	0.000000	0.000000	0.000000
0.000000	0.000000	0.000000	0.000000
0.000000	0.000000	0.000000	0.000000
0.000000	0.000000	0.000000	0.000000
0.000000	0.000000	0.000000	0.000000
0.000000	0.000000	0.000000	0.000000
0.000000	0.000000	0.000000	0.000000
0.000000	0.000000	0.000000	0.000000
0.000000	0.000000	0.000000	0.000000
0.000000	0.000000	0.000000	0.000000
0.000000	0.000000	0.000000	0.000000
0.000000	0.000000	0.000000	0.000000
0.000000	0.000000	0.000000	0.000000
0.000000	0.000000	0.000000	0.000000
0.000000	0.000000	0.000000	0.000000
0.000000	0.000000	0.000000	0.000000
0.000000	0.000000	0.000000	0.000000
0.000000	0.000000	0.000000	0.000000
0.000000	0.000000	0.000000	0.000000
0.000000	0.000000	0.000000	0.000000
0.000000	0.000000	0.000000	0.000000
0.000000	0.000000	0.000000	0.000000
0.000000	0.000000	0.000000	0.000000
0.000000	0.000000	0.000000	0.000000
0.000000	0.000000	0.000000	0.000000
0.000000	0.000000	0.000000	0.000000
0.000000	0.000000	0.000000	0.000000
0.000000	0.000000	0.000000	0.000000
0.000000	0.000000	0.000000	0.000000
0.000000	0.000000	0.000000	0.000000
0.000000	0.000000	0.000000	0.000000
0.000000	0.000000	0.000000	0.000000
0.000000	0.000000	0.000000	0.000000
0.000000	0.000000	0.000000	0.000000
0.000000	0.000000	0.000000	0.000000
0.000000	0.000000	0.000000	0.000000
0.000000	0.000000	0.000000	0.000000
0.000000	0.000000	0.000000	0.000000
0.000000	0.000000	0.000000	0.000000
0.000000	0.000000	0.000000	0.000000
0.000000	0.000000	0.000000	0.000000
0.000000	0.000000	0.000000	0.000000
0.000000	0.000000	0.000000	0.000000
0.000000	0.000000	0.000000	0.000000
0.000000	0.000000	0.000000	0.000000
0.000000	0.000000	0.000000	0.000000
0.000000	0.000000	0.000000	0.000000
0.000000	0.000000	0.000000	0.000000
0.000000	0.000000	0.000000	0.000000
0.000000	0.000000	0.000000	0.000000
0.000000	0.000000	0.000000	0.000000
0.000000	0.000000	0.000000	0.000000
0.000000	0.000000	0.000000	0.000000
0.000000	0.000000	0.000000	0.000000
0.000000	0.000000	0.000000	0.000000
0.000000	0.000000	0.000000	0.000000
0.000000	0.000000	0.000000	0.000000
0.000000	0.000000	0.000000	0.000000
0.000000	0.000000	0.000000	0.000000
0.000000	0.000000	0.000000	0.000000
0.000000	0.000000	0.000000	0.000000
0.000000	0.000000	0.000000	0.000000
0.000000	0.000000	0.000000	0.000000
0.000000	0.000000	0.000000	0.000000
0.000000	0.000000	0.000000	0.000000
0.000000	0.000000	0.000000	0.000000
0.000000	0.000000	0.000000	0.000000
0.000000	0.000000	0.000000	0.000000
0.000000	0.000000	0.000000	0.000000
0.000000	0.000000	0.000000	0.000000
0.000000	0.000000	0.000000	0.000000
0.000000	0.000000	0.000000	0.000000
0.000000	0.000000	0.000000	0.000000
0.000000	0.000000	0.000000	0.000000
0.000000	0.000000	0.000000	0.000000
0.000000	0.000000	0.000000	0.000000
0.000000	0.000000	0.000000	0.000000
0.000000	0.000000	0.000000	0.000000
0.000000	0.000000	0.000000	0.000000
0.000000	0.000000	0.000000	0.000000
0.000000	0.000000	0.000000	0.000000
0.000000	0.000000	0.000000	0.000000
0.000000	0.000000	0.000000	0.000000
0.000000	0.000000	0.000000	0.000000
0.000000	0.000000	0.000000	0.000000
0.000000	0.000000	0.000000	0.000000
0.000000	0.000000	0.000000	0.000000
0.000000	0.000000	0.000000	0.000000
0.000000	0.000000	0.000000	0.000000
0.000000	0.000000	0.000000	0.000000
0.000000	0.000000	0.000000	0.000000
0.000000	0.000000	0.000000	0.000000
0.000000	0.000000	0.000000	0.000000
0.000000	0.000000	0.000000	0.000000
0.000000	0.000000	0.000000	0.000000
0.000000	0.000000	0.000000	0.000000
0.000000	0.000000	0.000000	0.000000
0.000000	0.000000	0.000000	0.000000
0.000000	0.000000	0.000000	0.000000
0.000000	0.000000	0.000000	0.000000
0.000000	0.000000	0.000000	0.000000
0.000000	0.000000	0.000000	0.000000
0.000000	0.000000	0.000000	0.000000
0.000000	0.000000	0.000000	0.000000
0.000000	0.000000	0.000000	0.000000
0.000000	0.000000	0.000000	0.000000
0.000000	0.000000	0.000000	0.000000
0.000000	0.000000	0.000000	0.000000
0.000000	0.000000	0.000000	0.000000
0.000000	0.000000	0.000000	0.000000
0.000000	0.000000	0.000000	0.000000
0.000000	0.000000	0.000000	0.000000
0.000000	0.000000	0.000000	0.000000
0.000000	0.000000	0.000000	0.000000
0.000000	0.000000	0.000000	0.000000
0.000000	0.000000	0.000000	0.000000
0.000000	0.000000	0.000000	0.000000
0.000000	0.000000	0.000000	0.000000
0.000000	0.000000	0.000000	0.000000
0.000000	0.000000	0.000000	0.000000
0.000000	0.000000	0.000000	0.000000
0.000000	0.000000	0.000000	0.000000
0.000000	0.000000	0.000000	0.000000
0.000000	0.000000	0.000000	0.000000
0.000000	0.000000	0.000000	0.000000
0.000000	0.000000	0.000000	0.000000
0.000000	0.000000	0.000000	0.000000
0.000000	0.000000	0.000000	0.000000
0.000000	0.000000	0.000000	0.000000
0.000000	0.000000	0.000000	0.000000
0.000000	0.000000	0.000000	0.000000
0.000000	0.000000	0.000000	0.000000
0.000000	0.000000	0.000000	0.000000
0.000000	0.000000	0.000000	0.000000
0.000000	0.000000	0.000000	0.000000
0.000000	0.000000	0.000000	0.000000
0.000000	0.000000	0.000000	0.000000
0.000000	0.000000	0.000000	0.000000
0.000000	0.000000	0.000000	0.000000
0.000000	0.000000	0.000000	0.000000
0.000000	0.000000	0.000000	0.000000
0.000000	0.000000	0.000000	0.000000
0.000000	0.000000	0.000000	0.000000
0.000000	0.000000	0.000000	0.000000
0.000000	0.000000	0.000000	0.000000
0.000000	0.000000	0.000000	0.000000
0.000000	0.000000	0.000000	0.000000
0.000000	0.000000	0.000000	0.000000
0.000000	0.000000	0.000000	0.000000
0.000000	0.000000	0.000000	0.000000
0.000000	0.000000	0.000000	0.000000
0.000000	0.000000	0.000000	0.000000
0.000000	0.000000	0.000000	0.000000
0.000000	0.000000	0.000000	0.000000
0.000000	0.000000	0.000000	0.000000
0.000000	0.000000	0.000000	0.000000
0.000000	0.000000	0.000000	0.000000
0.000000	0.000000	0.000000	0.000000
0.000000	0.000000	0.000000	0.000000
0.000000	0.000000	0.000000	0.000000
0.000000	0.000000	0.000000	0.000000
0.000000	0.000000	0.000000	0.000000
0.000000	0.000000	0.000000	0.000000
0.000000	0.000000	0.000000	0.000000
0.000000	0.000000	0.000000	0.000000
0.000000	0.000000	0.000000	0.000000
0.000000	0.000000	0.000000	0.000000
0.000000	0.000000	0.000000	0.000000
0.000000	0.000000	0.000000	0.000000
0.000000	0.000000	0.000000	0.000000
0.000000	0.000000	0.000000	0.000000
0.000000	0.000000	0.000000	0.000000
0.000000	0.000000	0.000000	0.000000
0.000000	0.000000	0.000000	0.000000
0.000000	0.000000	0.000000	0.000000
0.000000	0.000000	0.000000	0.000000
0.000000	0.000000	0.000000	0.000000
0.000000	0.000000	0.000000	0.000000
0.000000	0.000000	0.000000	0.000000
0.000000	0.000000	0.000000	0.000000
0.000000	0.000000	0.000000	0.000000
0.000000	0.000000	0.000000	0.000000
0.000000	0.000000	0.000000	0.000000
0.000000	0.000000	0.000000	0.000000
0.000000	0.000000	0.000000	0.000000
0.000000	0.000000	0.000000	0.000000
0.000000	0.000000	0.000000	0.000000
0.000000	0.000000	0.000000	0.000000
0.000000	0.000000	0.000000	0.000000
0.000000	0.000000	0.000000	0.000000
0.000000	0.000000	0.000000	0.000000
0.000000	0.000000	0.000000	0.000000
0.000000	0.000000	0.000000	0.000000
0.000000	0.000000	0.000000	0.000000
0.000000	0.000000	0.000000	0.000000
0.000000	0.000000	0.000000	0.000000
0.000000	0.000000	0.000000	0.000000
0.000000	0.000000	0.000000	0.000000
0.000000	0.000000	0.000000	0.000000
0.000000	0.000000	0.000000	0.000000
0.000000	0.000000	0.000000	0.000000
0.000000	0.000000	0.000000	0.000000
0.000000	0.000000	0.000000	0.000000
0.000000	0.000000	0.000000	0.000000
0.000000	0.000000	0.000000	0.000000
0.000000	0.000000	0.000000	0.000000
0.000000	0.000000	0.000000	0.000000
0.000000	0.000000	0.000000	0.000000
0.000000	0.000000	0.000000	0.000000
0.000000	0.000000	0.000000	0.000000
0.000000	0.000000	0.000000	0.000000
0.000000	0.000000	0.000000	0.000000
0.000000	0.000000	0.000000	0.000000
0.000000	0.000000	0.000000	0.000000
0.000000	0.000000	0.000000	0.000000
0.000000	0.000000	0.000000	0.000000
0.000000	0.000000	0.000000	0.000000
0.000000	0.000000	0.000000	0.000000
0.000000	0.000000	0.000000	0.000000
0.000000	0.000000	0.000000	0.000000
0.000000	0.000000	0.000000	0.000000
0.000000	0.000000	0.000000	0.000000
0.000000	0.000000	0.000000	0.000000
0.000000	0.000000	0.000000	0.000000
0.000000	0.000000	0.000000	0.000000
0.000000	0.000000	0.000000	0.000000
0.000000	0.000000	0.000000	0.000000
0.000000	0.000000	0.000000	0.000000
0.000000	0.000000	0.000000	0.000000
0.000000	0.000000	0.000000	0.000000
0.000000	0.000000	0.000000	0.000000
0.000000	0.000000	0.000000	0.000000
0.000000	0.000000	0.000000	0.000000
0.000000	0.000000	0.000000	0.000000
0.000000	0.000000	0.000000	0.000000
0.000000	0.000000	0.000000	0.000000
0.000000	0.000000	0.000000	0.000000
0.000000	0.000000	0.000000	0.000000
0.000000	0.000000	0.000000	0.000000
0.000000	0.000000	0.000000	0.000000
0.000000	0.000000	0.000000	0.000000
0.000000	0.000000	0.000000	0.000000
0.000000	0.000000	0.000000	0.000000
0.000000	0.000000	0.000000	0.000000
0.000000	0.000000	0.000000	0.000000
0.000000	0.000000	0.000000	0.000000
0.000000	0.000000	0.000000	0.000000
0.000000	0.000000	0.000000	0.000000
0.000000	0.000000	0.000000	0.000000
0.000000	0.000000	0.000000	0.000000
0.000000	0.000000	0.000000	0.000000
0.000000	0.000000	0.000000	0.000000
0.000000	0.000000	0.000000	0.000000
0.000000	0.000000	0.000000	0.000000
0.000000	0.000000	0.000000	0.000000
0.000000	0.000000	0.000000	0.000000
0.000000	0.000000	0.000000	0.000000
0.000000	0.000000	0.000000	0.000000
0.000000	0.000000	0.000000	0.000000
0.000000	0.000000	0.000000	0.000000
0.000000	0.000000	0.000000	0.000000
0.000000	0.000000	0.000000	0.000000
0.000000	0.000000	0.000000	0.000000
0.000000	0.000000	0.000000	0.000000
0.000000	0.000000	0.000000	0.000000
0.000000	0.000000	0.000000	0.000000
0.000000	0.000000	0.000000	0.000000
0.000000	0.000000	0.000000	0.000000
0.000000	0.000000	0.000000	0.000000
0.000000	0.000000	0.000000	0.000000
0.000000	0.000000	0.000000	0.000000
0.000000	0.000000	0.000000	0.000000
0.000000	0.000000	0.000000	0.000000
0.000000	0.000000	0.000000	0.000000
0.000000	0.000000	0.000000	0.000000
0.000000	0.000000	0.000000	0.000000
0.000000	0.000000	0.000000	0.000000
0.000000	0.000000	0.000000	0.000000
0.000000	0.000000	0.000000	0.000000
0.000000	0.000000	0.000000	0.000000
0.000000	0.000000	0.000000	0.000000
0.000000	0.000000	0.000000	0.000000
0.000000	0.000000	0.000000	0.000000
0.000000	0.000000	0.000000	0.000000
0.000000	0.000000	0.000000	0.000000
0.000000	0.000000	0.000000	0.000000
0.000000	0.000000	0.000000	0.000000
0.000000	0.000000	0.000000	0.000000
0.000000	0.000000	0.000000	0.000000
0.000000	0.000000	0.000000	0.000000
0.000000	0.000000	0.000000	0.000000
0.000000	0.000000	0.000000	0.000000
0.000000	0.000000	0.000000	0.000000
0.000000	0.000000	0.000000	0.000000
0.000000	0.000000	0.000000	0.000000
0.000000	0.000000	0.000000	0.000000
0.000000	0.000000	0.000000	0.000000
0.000000	0.000000	0.000000	0.000000
0.000000	0.000000	0.000000	0.000000
0.000000	0.000000	0.000000	0.000000
0.000000	0.000000	0.000000	0.000000
0.000000	0.000000	0.000000	0.000000
0.000000	0.000000	0.000000	0.000000
0.000000	0.000000	0.000000	0.000000
0.000000	0.000000	0.000000	0.000000
0.000000	0.000000	0.000000	0.000000
0.000000	0.000000	0.000000	0.000000
0.000000	0.000000	0.000000	0.000000
0.000000	0.000000	0.000000	0.000000
0.000000	0.000000	0.000000	0.000000
0.000000	0.000000	0.000000	0.000000
0.000000	0.000000	0.000000	0.000000
0.000000	0.000000	0.000000	0.000000
0.000000	0.000000	0.000000	0.000000
0.000000	0.000000	0.000000	0.000000
0.000000	0.000000	0.000000	0.000000
0.000000	0.000000	0.000000	0.000000
0.000000	0.000000	0.000000	0.000000
0.000000	0.000000	0.000000	0.000000
0.000000	0.000000	0.000000	0.000000
0.000000	0.000000	0.000000	0.000000
0.000000	0.000000	0.000000	0.000000
0.000000	0.000000	0.000000	0.000000
0.000000	0.000000	0.000000	0.000000
0.000000	0.000000	0.000000	0.000000
0.000000	0.000000	0.000000	0.000000
0.000000	0.000000	0.000000	0.000000
0.000000	0.000000	0.000000	0.000000
0.000000	0.000000	0.000000	0.000000
0.000000	0.000000	0.000000	0.000000
0.000000	0.000000	0.000000	0.000000
0.000000	0.000000	0.000000	0.000000
0.000000	0.000000	0.000000	0.000000
0.000000	0.000000	0.000000	0.000000
0.000000	0.000000	0.000000	0.000000
0.000000	0.000000	0.000000	0.000000
0.000000	0.000000	0.000000	0.000000
0.000000	0.000000	0.000000	0.000000
0.000000	0.000000	0.000000	0.000000
0.000000	0.000000	0.000000	0.000000
0.000000	0.000000	0.000000	0.000000
0.000000	0.000000	0.000000	0.000000
0.000000	0.000000	0.000000	0.000000
0.000000	0.000000	0.000000	0.000000
0.000000	0.000000	0.000000	0.000000
0.000000	0.000000	0.000000	0.000000
0.000000	0.000000	0.000000	0.000000
0.000000	0.000000	0.000000	0.000000
0.000000	0.000000	0.000000	0.000000
0.000000	0.000000	0.000000	0.000000
0.000000	0.000000	0.000000	0.000000
0.000000	0.000000	0.000000	0.000000
0.000000	0.000000	0.000000	0.000000
0.000000	0.000000	0.000000	0.000000
0.000000	0.000000	0.000000	0.000000
0.000000	0.000000	0.000000	0.000000
0.000000	0.000000	0.000000	0.000000
0.000000	0.000000	0.000000	0.000000
0.000000	0.000000	0.000000	0.000000
0.000000	0.000000	0.000000	0.000000
0.000000	0.000000	0.000000	0.000000
0.000000	0.000000	0.000000	0.000000
0.000000	0.000000	0.000000	0.000000
0.000000	0.000000	0.000000	0.000000
0.000000	0.000000	0.000000	0.000000
0.000000	0.000000	0.000000	0.000000
0.000000	0.000000	0.000000	0.000000
0.000000	0.000000	0.000000	0.000000
0.000000	0.000000	0.000000	0.000000
0.000000	0.000000	0.000000	0.000000
0.000000	0.000000	0.000000	0.000000
0.000000	0.000000	0.000000	0.000000
0.000000	0.000000	0.000000	0.000000
0.000000	0.000000	0.000000	0.000000
0.000000	0.000000	0.000000	0.000000
0.000000	0.000000	0.000000	0.000000
0.000000	0.000000	0.000000	0.000000
0.000000	0.000000	0.000000	0.000000
0.000000	0.000000	0.000000	0.000000
0.000000	0.000000	0.000000	0.000000
0.000000	0.000000	0.000000	0.000000
0.000000	0.000000	0.000000	0.000000
0.000000	0.000000	0.000000	0.000000
0.000000	0.000000	0.000000	0.000000
0.000000	0.000000	0.000000	0.000000
0.000000	0.000000	0.000000	0.000000
0.000000	0.000000	0.000000	0.000000
0.000000	0.000000	0.000000	0.000000
0.000000	0.000000	0.000000	0.000000
0.000000	0.000000	0.000000	0.000000
0.000000	0.000000	0.000000	0.000000
0.000000	0.000000	0.000000	0.000000
0.000000	0.000000	0.000000	0.000000
0.000000	0.000000	0.000000	0.000000
0.000000	0.000000	0.000000	0.000000
0.000000	0.000000	0.000000	0.000000
0.000000	0.000000	0.000000	0.000000
0.000000	0.000000	0.000000	0.000000
0.000000	0.000000	0.000000	0.000000
0.000000	0.000000	0.000000	0.000000
0.000000	0.000000	0.000000	0.000000
0.000000	0.000000	0.000000	0.000000
0.000000	0.000000	0.000000	0.000000
0.000000	0.000000	0.000000	0.000000
0.000000	0.000000	0.000000	0.000000
0.000000	0.000000	0.000000	0.000000
0.000000	0.000000	0.000000	0.000000
0.000000	0.000000	0.000000	0.000000
0.000000	0.000000	0.000000	0.000000
0.000000	0.000000	0.000000	0.000000
0.000000	0.000000	0.000000	0.000000
0.000000	0.000000	0.000000	0.000000
0.000000	0.000000	0.000000	0.000000
0.000000	0.000000	0.000000	0.000000
0.000000	0.000000	0.000000	0.000000
0.000000	0.000000	0.000000	0.000000
0.000000	0.000000	0.000000	0.000000
0.000000	0.000000	0.000000	0.000000
0.000000	0.000000	0.000000	0.000000
0.000000	0.000000	0.000000	0.000000
0.000000	0.000000	0.000000	0.000000
0.000000	0.000000	0.000000	0.000000
0.000000	0.000000	0.000000	0.000000
0.000000	0.000000	0.000000	0.000000
0.000000	0.000000	0.000000	0.000000
0.000000	0.000000	0.000000	0.000000
0.000000	0.000000	0.000000	0.000000
0.000000	0.000000	0.000000	0.000000
0.000000	0.000000	0.000000	0.000000
0.000000	0.000000	0.000000	0.000000
0.000000	0.000000	0.000000	0.000000
0.000000	0.000000	0.000000	0.000000
0.000000	0.000000	0.000000	0.000000
0.000000	0.000000	0.000000	0.000000
0.000000	0.000000	0.000000	0.000000
0.000000	0.000000	0.000000	0.000000
0.000000	0.000000	0.000000	0.000000
0.000000	0.000000	0.000000	0.000000
0.000000	0.000000	0.000000	0.000000
0.000000	0.000000	0.000000	0.000000
0.000000	0.000000	0.000000	0.000000
0.000000	0.000000	0.000000	0.000000
0.000000	0.000000	0.000000	0.000000
0.000000	0.000000	0.000000	0.000000
0.000000	0.000000	0.000000	0.000000
0.000000	0.000000	0.000000	0.000000
0.000000	0.000000	0.000000	0.000000
0.000000	0.000000	0.000000	0.000000
0.000000	0.000000	0.000000	0.000000
0.000000	0.000000	0.000000	0.000000
0.000000	0.000000	0.000000	0.000000
0.000000	0.000000	0.000000	0.000000
0.000000	0.000000	0.000000	0.000000
0.000000	0.000000	0.000000	0.000000
0.000000	0.000000	0.000000	0.000000
0.000000	0.000000	0.000000	0.000000
0.000000	0.000000	0.000000	0.000000
0.000000	0.000000	0.000000	0.000000
0.000000	0.000000	0.000000	0.000000
0.000000	0.000000	0.000000	0.000000
0.000000	0.000000	0.000000	0.000000
0.000000	0.000000	0.000000	0.000000
0.000000	0.000000	0.000000	0.000000
0.000000	0.000000	0.000000	0.000000
0.000000	0.000000	0.000000	0.000000
0.000000	0.000000	0.000000	0.000000
0.000000	0.000000	0.000000	0.000000
0.000000	0.000000	0.000000	0.000000
0.000000	0.000000	0.000000	0.000000
0.000000	0.000000	0.000000	0.000000
0.000000	0.000000	0.000000	0.000000
0.000000	0.000000	0.000000	0.000000
0.000000	0.000000	0.000000	0.000000
0.000000	0.000000	0.000000	0.000000
0.000000	0.000000	0.000000	0.000000
0.000000	0.000000	0.000000	0.000000
0.000000	0.000000	0.000000	0.000000
0.000000	0.000000	0.000000	0.000000
0.000000	0.000000	0.000000	0.000000
0.000000	0.000000	0.000000	0.000000
0.000000	0.000000	0.000000	0.000000
0.000000	0.000000	0.000000	0.000000
0.000000	0.000000	0.000000	0.000000
0.000000	0.000000	0.000000	0.000000
0.000000	0.000000	0.000000	0.000000
0.000000	0.000000	0.000000	0.000000
0.000000	0.000000	0.000000	0.000000
0.000000	0.000000	0.000000	0.000000
0.000000	0.000000	0.000000	0.000000
0.000000	0.000000	0.000000	0.000000
0.000000	0.000000	0.000000	0.000000
0.000000	0.000000	0.000000	0.000000
0.000000	0.000000	0.000000	0.000000
0.000000	0.000000	0.000000	0.000000
0.000000	0.000000	0.000000	0.000000
0.000000	0.000000	0.000000	0.000000
0.000000	0.000000	0.000000	0.000000
0.000000	0.000000	0.000000	0.000000
0.000000	0.000000	0.000000	0.000000
0.000000	0.000000	0.000000	0.000000
0.000000	0.000000	0.000000	0.000000
0.000000	0.000000	0.000000	0.000000
0.000000	0.000000	0.000000	0.000000
0.000000	0.000000	0.000000	0.000000
0.000000	0.000000	0.000000	0.000000
0.000000	0.000000	0.000000	0.000000
0.000000	0.000000	0.000000	0.000000
0.000000	0.000000	0.000000	0.000000
0.000000	0.000000	0.000000	0.000000
0.000000	0.000000	0.000000	0.000000
0.000000	0.000000	0.000000	0.000000
0.000000	0.000000	0.000000	0.000000
0.000000	0.000000	0.000000	0.000000
0.000000	0.000000	0.000000	0.000000
0.000000	0.000000	0.000000	0.000000
0.000000	0.000000	0.000000	0.000000
0.000000	0.000000	0.000000	0.000000
0.000000	0.000000	0.000000	0.000000
0.000000	0.000000	0.000000	0.000000
0.000000	0.000000	0.000000	0.000000
0.000000	0.000000	0.000000	0.000000
0.000000	0.000000	0.000000	0.000000
0.000000	0.000000	0.000000	0.000000
0.000000	0.000000	0.000000	0.000000
0.000000	0.000000	0.000000	0.000000
0.000000	0.000000	0.000000	0.000000
0.000000	0.000000	0.000000	0.000000
0.000000	0.000000	0.000000	0.000000
0.000000	0.000000	0.000000	0.000000
0.000000	0.000000	0.000000	0.000000
0.000000	0.000000	0.000000	0.000000
0.000000	0.000000	0.000000	0.000000
0.000000	0.000000	0.000000	0.000000
0.000000	0.000000	0.000000	0.000000
0.000000	0.000000	0.000000	0.000000
0.000000	0.000000	0.000000	0.000000
0.000000	0.000000	0.000000	0.000000
0.000000	0.000000	0.000000	0.000000
0.000000	0.000000	0.000000	0.000000
0.000000	0.000000	0.000000	0.000000
0.000000	0.000000	0.000000	0.000000
0.000000	0.000000	0.000000	0.000000
0.000000	0.000000	0.000000	0.000000
0.000000	0.000000	0.000000	0.000000
0.000000	0.000000	0.000000	0.000000
0.000000	0.000000	0.000000	0.000000
0.000000	0.000000	0.000000	0.000000
0.000000	0.000000	0.000000	0.000000
0.000000	0.000000	0.000000	0.000000
0.000000	0.000000	0.000000	0.000000
0.000000	0.000000	0.000000	0.000000
0.000000	0.000000	0.000000	0.000000
0.000000	0.000000	0.000000	0.000000
0.000000	0.000000	0.000000	0.000000
0.000000	0.000000	0.000000	0.000000
0.000000	0.000000	0.000000	0.000000
0.000000	0.000000	0.000000	0.000000
0.000000	0.000000	0.000000	0.000000
0.000000	0.000000	0.000000	0.000000
0.000000	0.000000	0.000000	0.000000
0.000000	0.000000	0.000000	0.000000
0.000000	0.000000	0.000000	0.000000
0.000000	0.000000	0.000000	0.000000
0.000000	0.000000	0.000000	0.000000
0.000000	0.000000	0.000000	0.000000
0.000000	0.000000	0.000000	0.000000
0.000000	0.000000	0.000000	0.000000
0.000000	0.000000	0.000000	0.000000
0.000000	0.000000	0.000000	0.000000
0.000000	0.000000	0.000000	0.000000
0.000000	0.000000	0.000000	0.000000
0.000000	0.000000	0.000000	0.000000
0.000000	0.000000	0.000000	0.000000
0.000000	0.000000	0.000000	0.000000
0.000000	0.000000	0.000000	0.000000
0.000000	0.000000	0.000000	0.000000
0.000000	0.000000	0.000000	0.000000
0.000000	0.000000	0.000000	0.000000
0.000000	0.000000	0.000000	0.000000
0.000000	0.000000	0.000000	0.000000
0.000000	0.000000	0.000000	0.000000
0.000000	0.000000	0.000000	0.000000
0.000000	0.000000	0.000000	0.000000
0.000000	0.000000	0.000000	0.000000
0.000000	0.000000	0.000000	0.000000
0.000000	0.000000	0.000000	0.000000
0.000000	0.000000	0.000000	0.000000
0.000000	0.000000	0.000000	0.000000
0.000000	0.000000	0.000000	0.000000
0.000000	0.000000	0.000000	0.000000
0.000000	0.000000	0.000000	0.000000
0.000000	0.000000	0.000000	0.000000
0.000000	0.000000	0.000000	0.000000
0.000000	0.000000	0.000000	0.000000
0.000000	0.000000	0.000000	0.000000
0.000000	0.000000	0.000000	0.000000
0.000000	0.000000	0.000000	0.000000
0.000000	0.000000	0.000000	0.000000
0.000000	0.000000	0.000000	0.000000
0.000000	0.000000	0.000000	0.000000
0.000000	0.000000	0.000000	0.000000
0.000000	0.000000	0.000000	0.000000
0.000000	0.000000	0.000000	0.000000
0.000000	0.000000	0.000000	0.000000
0.000000	0.000000	0.000000	0.000000
0.000000	0.000000	0.000000	0.000000
0.000000	0.000000	0.000000	0.000000
0.000000	0.000000	0.000000	0.000000
0.000000	0.000000	0.000000	0.000000
0.000000	0.000000	0.000000	0.000000
0.000000	0.000000	0.000000	0.000000
0.000000	0.000000	0.000000	0.000000
0.000000	0.000000	0.000000	0.000000
0.000000	0.000000	0.000000	0.000000
0.000000	0.000000	0.000000	0.000000
0.000000	0.000000	0.000000	0.000000
0.000000	0.000000	0.000000	0.000000
0.000000	0.000000	0.000000	0.000000
0.000000	0.000000	0.000000	0.000000
0.000000	0.000000	0.000000	0.000000
0.000000	0.000000	0.000000	0.000000
0.000000	0.000000	0.000000	0.000000
0.000000	0.000000	0.000000	0.000000
0.000000	0.000000	0.000000	0.000000
0.000000	0.000000	0.000000	0.000000
0.000000	0.000000	0.000000	0.000000
0.000000	0.000000	0.000000	0.000000
0.000000	0.000000	0.000000	0.000000
0.000000	0.000000	0.000000	0.000000
0.000000	0.000000	0.000000	0.000000
0.000000	0.000000	0.000000	0.000000
0.000000	0.000000	0.000000	0.000000
0.000000	0.000000	0.000000	0.000000
0.000000	0.000000	0.000000	0.000000
0.000000	0.000000	0.000000	0.000000
0.000000	0.000000	0.000000	0.000000
0.000000	0.000000	0.000000	0.000000
0.000000	0.000000	0.000000	0.000000
0.000000	0.000000	0.000000	0.000000
0.000000	0.000000	0.000000	0.000000
0.000000	0.000000	0.000000	0.000000
0.000000	0.000000	0.000000	0.000000
0.000000	0.000000	0.000000	0.000000
0.000000	0.000000	0.000000	0.000000
0.000000	0.000000	0.000000	0.000000
0.000000	0.000000	0.000000	0.000000
0.000000	0.000000	0.000000	0.000000
0.119100	0.000009	0.000000	0.000015
0.241200	0.000063	0.000000	0.000075
0.360600	0.000199	0.000000	0.000165
0.480000	0.000451	0.000000	0.000285
0.599400	0.000855	0.000000	0.000435
0.719100	0.001448	0.000000	0.000615
0.840900	0.002268	0.000000	0.000825
0.960300	0.003349	0.000000	0.001065
1.079700	0.004725	0.000000	0.001335
1.199100	0.006433	0.000000	0.001635
1.321200	0.008514	0.000000	0.001965
1.440600	0.011001	0.000000	0.002325
1.560000	0.013927	0.000000	0.002715
1.692900	0.017368	0.000000	0.003139
1.800900	0.021301	0.000000	0.003589
1.914900	0.025748	0.000000	0.004068
2.034600	0.030770	0.000000	0.004576
2.154000	0.036409	0.000000	0.005115
2.273700	0.042701	0.000000	0.005683
2.395500	0.049692	0.000000	0.006282
2.514600	0.057409	0.000000	0.006911
2.633700	0.065883	0.000000	0.007569
2.753400	0.075154	0.000000	0.008257
2.875200	0.085268	0.000000	0.008976
2.994600	0.096254	0.000000	0.009725
3.114300	0.108145	0.000000	0.010503
3.233700	0.120975	0.000000	0.011312
3.353100	0.134779	0.000000	0.012150
3.474900	0.149608	0.000000	0.013019
3.594600	0.165490	0.000000	0.013918
3.714300	0.182457	0.000000	0.014846
3.833700	0.200543	0.000000	0.015805
3.955500	0.219799	0.000000	0.016793
4.074900	0.240251	0.000000	0.017812
4.194600	0.261931	0.000000	0.018861
4.314000	0.284872	0.000000	0.019939
4.433700	0.309112	0.000000	0.021048
4.555500	0.334706	0.000000	0.022187
4.675200	0.361678	0.000000	0.023355
4.794600	0.390056	0.000000	0.024554
4.914000	0.419873	0.000000	0.025783
5.035800	0.451189	0.000000	0.027042
5.154900	0.484022	0.000000	0.028330
5.274300	0.518401	0.000000	0.029649
5.393700	0.554363	0.000000	0.030997
5.513400	0.591948	0.000000	0.032376
5.633100	0.631191	0.000000	0.033784
5.761200	0.672219	0.000000	0.035224
5.875200	0.714948	0.000000	0.036693
5.994900	0.759423	0.000000	0.038192
6.114300	0.805698	0.000000	0.039720
6.234000	0.853810	0.000000	0.041279
6.355800	0.903821	0.000000	0.042868
6.475200	0.955748	0.000000	0.044487
6.594600	1.009617	0.000000	0.046135
6.714000	1.065463	0.000000	0.047814
6.833700	1.123326	0.000000	0.049522
6.955800	1.183274	0.000000	0.051261
7.075200	1.245320	0.000000	0.053030
7.194600	1.309486	0.000000	0.054828
7.314000	1.375808	0.000000	0.056657
7.435800	1.444356	0.000000	0.058516
7.555200	1.515143	0.000000	0.060405
7.674900	1.588199	0.000000	0.062323
7.794300	1.663556	0.000000	0.064272
7.914000	1.741254	0.000000	0.066251
8.035800	1.821360	0.000000	0.068259
8.155200	1.903885	0.000000	0.070298
8.274600	1.988854	0.000000	0.072367
8.394000	2.076301	0.000000	0.074465
7.179862	2.159194	0.000000	0.076594
7.137294	2.236467	0.000000	0.078753
7.135218	2.314563	0.000000	0.080942
7.133141	2.393702	0.000000	0.083161
7.133465	2.473917	0.000000	0.085410
7.171881	2.555417	0.000000	0.087689
7.250789	2.638662	0.000000	0.089997
7.370489	2.724147	0.000000	0.092336
7.503389	2.812344	0.000000	0.094708
7.652181	2.903238	0.000000	0.097107
7.771281	2.996886	0.000000	0.099535
7.890681	3.093152	0.000000	0.101994
7.971989	3.191858	0.000000	0.104483
8.050597	3.292752	0.000000	0.107002
8.129205	3.395841	0.000000	0.109550
8.210813	3.501197	0.000000	0.112130
8.208737	3.608292	0.000000	0.114738
8.247152	3.716851	0.000000	0.117377
8.285568	3.827151	0.000000	0.120046
8.283492	3.938930	0.000000	0.122744
8.283816	4.051959	0.000000	0.125473
8.241548	4.165937	0.000000	0.128232
8.279964	4.281122	0.000000	0.131021
8.318380	4.398081	0.000000	0.133840
8.318703	4.516580	0.000000	0.136689
8.356819	4.636594	0.000000	0.139567
8.407835	4.758632	0.000000	0.142479
8.475943	4.882684	0.000000	0.145418
8.514359	5.008786	0.000000	0.148387
8.552775	5.136731	0.000000	0.151386
8.634083	5.266883	0.000000	0.154415
8.713291	5.399548	0.000000	0.157474
8.751407	5.534411	0.000000	0.160563
8.830314	5.671489	0.000000	0.163681
8.871130	5.810848	0.000000	0.166830
8.909246	5.952152	0.000000	0.170009
8.947662	6.095397	0.000000	0.173218
9.006324	6.240760	0.000000	0.176456
9.026894	6.388138	0.000000	0.179725
9.106102	6.537687	0.000000	0.183024
9.144518	6.689569	0.000000	0.186353
9.182934	6.843458	0.000000	0.189712
9.221649	6.999371	0.000000	0.193100
9.300857	7.157669	0.000000	0.196519
9.347973	7.318539	0.000000	0.199969
9.381289	7.481442	0.000000	0.203449
9.460197	7.646726	0.000000	0.206958
9.539105	7.814813	0.000000	0.210496
9.577521	7.985365	0.000000	0.214065
9.659129	8.158455	0.000000	0.217664
9.778229	8.334798	0.000000	0.221293
9.816345	8.514026	0.000000	0.224952
9.857161	8.695473	0.000000	0.228641
9.936068	8.879502	0.000000	0.232360
10.015276	9.066494	0.000000	0.236109
10.094184	9.256468	0.000000	0.239888
10.173092	9.449445	0.000000	0.243696
10.211808	9.645067	0.000000	0.247535
10.293416	9.843409	0.000000	0.251404
10.372024	10.044839	0.000000	0.255303
10.450932	10.249358	0.000000	0.259232
10.572732	10.457449	0.000000	0.263191
10.651940	10.669118	0.000000	0.267180
10.690356	10.883552	0.000000	0.271199
10.809756	11.101176	0.000000	0.275248
10.888664	11.322427	0.000000	0.279326
10.969972	11.546975	0.000000	0.283435
11.058780	11.775051	0.000000	0.287577
11.128088	12.006287	0.000000	0.291746
11.206696	12.240726	0.000000	0.295944
11.288003	12.478557	0.000000	0.300174
11.366611	12.719765	0.000000	0.304432
11.445519	12.964353	0.000000	0.308721
11.526827	13.212407	0.000000	0.313040
11.606035	13.463924	0.000000	0.317389
11.684643	13.718892	0.000000	0.321768
11.763551	13.977333	0.000000	0.326177
11.845159	14.239346	0.000000	0.330616
11.924067	14.504913	0.000000	0.335085
11.962483	14.773574	0.000000	0.339584
11.966683	15.042777	0.000000	0.344084
11.926191	15.311572	0.000000	0.348584
11.885699	15.579456	0.000000	0.353084
11.845207	15.846429	0.000000	0.357584
11.845207	16.112946	0.000000	0.362084
11.804715	16.379008	0.000000	0.366584
11.764223	16.644158	0.000000	0.371084
11.723730	16.908398	0.000000	0.375584
11.683238	17.171726	0.000000	0.380084
11.683238	17.434599	0.000000	0.384584
11.642746	17.697016	0.000000	0.389084
11.602254	17.958522	0.000000	0.393584
11.561762	18.219118	0.000000	0.398084
11.521270	18.478802	0.000000	0.402584
11.521270	18.738030	0.000000	0.407084
11.480778	18.996803	0.000000	0.411584
11.440286	19.254665	0.000000	0.416084
11.440286	19.512072	0.000000	0.420584
11.399794	19.769023	0.000000	0.425084
11.399794	20.025518	0.000000	0.429584
11.359302	20.025518	0.000000	0.434084
11.318810	20.025518	0.000000	0.438584
11.318810	20.025518	0.000000	0.443084
11.237826	20.025518	0.000000	0.447584
11.197334	20.025518	0.000000	0.452084
11.156842	20.025518	0.000000	0.456584
11.156842	20.025518	0.000000	0.461084
11.156842	20.025518	0.000000	0.465584
11.156842	20.025518	0.000000	0.470084
11.116350	20.025518	0.000000	0.474584
11.116350	20.025518	0.000000	0.479084
11.075857	20.025518	0.000000	0.483584
11.075857	20.025518	0.000000	0.488084
11.035365	20.025518	0.000000	0.492584
11.035365	20.025518	0.000000	0.497084
11.035365	20.025518	0.000000	0.501584
11.075857	20.025518	0.000000	0.506084
11.116350	20.025518	0.000000	0.510584
11.156842	20.025518	0.000000	0.515084
11.156842	20.025518	0.000000	0.519584
11.035365	20.025518	0.000000	0.524084
10.954381	20.025518	0.000000	0.528584
10.873397	20.025518	0.000000	0.533084
10.832905	20.025518	0.000000	0.537584
10.792413	20.025518	0.000000	0.542084
10.792413	20.025518	0.000000	0.546584
10.792413	20.025518	0.000000	0.551084
10.792413	20.025518	0.000000	0.555584
10.792413	20.025518	0.000000	0.560084
10.792413	20.025518	0.000000	0.564584
10.751921	20.025518	0.000000	0.569084
10.711429	20.025518	0.000000	0.573584
10.711429	20.025518	0.000000	0.578084
10.751921	20.025518	0.000000	0.582584
10.792413	20.025518	0.000000	0.587084
10.792413	20.025518	0.000000	0.591584
10.792413	20.025518	0.000000	0.596084
10.711429	20.025518	0.000000	0.600584
10.670937	20.025518	0.000000	0.605084
10.630445	20.025518	0.000000	0.609584
10.589953	20.025518	0.000000	0.614084
10.589953	20.025518	0.000000	0.618584
10.589953	20.025518	0.000000	0.623084
10.589953	20.025518	0.000000	0.627584
10.589953	20.025518	0.000000	0.632084
10.630445	20.025518	0.000000	0.636584
10.589953	20.025518	0.000000	0.641084
10.589953	20.025518	0.000000	0.645584
10.589953	20.025518	0.000000	0.650084
10.589953	20.025518	0.000000	0.654584
10.589953	20.025518	0.000000	0.659084
10.630445	20.025518	0.000000	0.663584
10.630445	20.025518	0.000000	0.668084
10.630445	20.025518	0.000000	0.672584
10.549461	20.025518	0.000000	0.677084
10.468477	20.025518	0.000000	0.681584
10.427984	20.025518	0.000000	0.686084
10.387492	20.025518	0.000000	0.690584
10.387492	20.025518	0.000000	0.695084
10.427984	20.025518	0.000000	0.699584
10.508969	20.025518	0.000000	0.704084
10.751921	20.025518	0.000000	0.708584
10.792413	20.025518	0.000000	0.713084
10.832905	20.025518	0.000000	0.717584
10.832905	20.025518	0.000000	0.722084
10.832905	20.025518	0.000000	0.726584
10.832905	20.025518	0.000000	0.731084
10.711429	20.025518	0.000000	0.735584
10.387492	20.025518	0.000000	0.740084
10.387492	20.025518	0.000000	0.744584
10.387492	20.025518	0.000000	0.749084
10.387492	20.025518	0.000000	0.753584
10.387492	20.025518	0.000000	0.758084
10.387492	20.025518	0.000000	0.762584
10.387492	20.025518	0.000000	0.767084
10.427984	20.025518	0.000000	0.771584
10.427984	20.025518	0.000000	0.776084
10.427984	20.025518	0.000000	0.780584
10.387492	20.025518	0.000000	0.785084
10.347000	20.025518	0.000000	0.789584
10.347000	20.025518	0.000000	0.794084
10.387492	20.025518	0.000000	0.798584
10.387492	20.025518	0.000000	0.803084
10.387492	20.025518	0.000000	0.807584
10.387492	20.025518	0.000000	0.812084
10.347000	20.025518	0.000000	0.816584
10.306508	20.025518	0.000000	0.821084
10.286262	20.025518	0.000000	0.825584
10.266016	20.025518	0.000000	0.830084
10.306508	20.025518	0.000000	0.834584
10.347000	20.025518	0.000000	0.839084
10.347000	20.025518	0.000000	0.843584
10.347000	20.025518	0.000000	0.848084
10.347000	20.025518	0.000000	0.852584
10.266016	20.025518	0.000000	0.857084
10.266016	20.025518	0.000000	0.861584
10.245770	20.025518	0.000000	0.866084
10.266016	20.025518	0.000000	0.870584
10.266016	20.025518	0.000000	0.875084
10.286262	20.025518	0.000000	0.879584
10.306508	20.025518	0.000000	0.884084
10.306508	20.025518	0.000000	0.888584
10.306508	20.025518	0.000000	0.893084
10.225524	20.025518	0.000000	0.897584
10.225524	20.025518	0.000000	0.902084
10.225524	20.025518	0.000000	0.906584
10.185032	20.025518	0.000000	0.911084
10.185032	20.025518	0.000000	0.915584
10.185032	20.025518	0.000000	0.920084
10.185032	20.025518	0.000000	0.924584
10.185032	20.025518	0.000000	0.929084
10.185032	20.025518	0.000000	0.933584
10.185032	20.025518	0.000000	0.938084
10.185032	20.025518	0.000000	0.942584
10.144540	20.025518	0.000000	0.947084
10.104048	20.025518	0.000000	0.951584
10.063556	20.025518	0.000000	0.956084
10.063556	20.025518	0.000000	0.960584
10.063556	20.025518	0.000000	0.965084
10.063556	20.025518	0.000000	0.969584
10.104048	20.025518	0.000000	0.974084
10.104048	20.025518	0.000000	0.978584
10.063556	20.025518	0.000000	0.983084
10.023064	20.025518	0.000000	0.987584
10.023064	20.025518	0.000000	0.992084
10.023064	20.025518	0.000000	0.996584
10.023064	20.025518	0.000000	1.001084
10.023064	20.025518	0.000000	1.005584
10.023064	20.025518	0.000000	1.010084
10.023064	20.025518	0.000000	1.014584
9.982572	20.025518	0.000000	1.019084
9.942080	20.025518	0.000000	1.023584
9.942080	20.025518	0.000000	1.028084
9.942080	20.025518	0.000000	1.032584
9.942080	20.025518	0.000000	1.037084
9.942080	20.025518	0.000000	1.041584
9.942080	20.025518	0.000000	1.046084
9.942080	20.025518	0.000000	1.050584
9.942080	20.025518	0.000000	1.055084
9.901588	20.025518	0.000000	1.059584
9.901588	20.025518	0.000000	1.064084
9.901588	20.025518	0.000000	1.068584
9.881342	20.025518	0.000000	1.073084
9.901588	20.025518	0.000000	1.077584
9.901588	20.025518	0.000000	1.082084
9.901588	20.025518	0.000000	1.086584
9.901588	20.025518	0.000000	1.091084
9.901588	20.025518	0.000000	1.095584
9.861096	20.025518	0.000000	1.100084
9.861096	20.025518	0.000000	1.104584
9.820604	20.025518	0.000000	1.109084
9.780112	20.025518	0.000000	1.113584
9.780112	20.025518	0.000000	1.118084
9.739619	20.025518	0.000000	1.122584
9.739619	20.025518	0.000000	1.127084
9.780112	20.025518	0.000000	1.131584
9.780112	20.025518	0.000000	1.136084
9.739619	20.025518	0.000000	1.140584
9.739619	20.025518	0.000000	1.145084
9.699127	20.025518	0.000000	1.149584
9.699127	20.025518	0.000000	1.154084
9.699127	20.025518	0.000000	1.158584
9.699127	20.025518	0.000000	1.163084
9.739619	20.025518	0.000000	1.167584
9.820604	20.025518	0.000000	1.172084
9.820604	20.025518	0.000000	1.176584
9.820604	20.025518	0.000000	1.181084
9.699127	20.025518	0.000000	1.185584
9.618143	20.025518	0.000000	1.190084
9.577651	20.025518	0.000000	1.194584
9.577651	20.025518	0.000000	1.199084
9.597897	20.025518	0.000000	1.203584
9.618143	20.025518	0.000000	1.208084
9.618143	20.025518	0.000000	1.212584
9.658635	20.025518	0.000000	1.217084
9.658635	20.025518	0.000000	1.221584
9.658635	20.025518	0.000000	1.226084
9.658635	20.025518	0.000000	1.230584
9.658635	20.025518	0.000000	1.235084
9.658635	20.025518	0.000000	1.239584
9.658635	20.025518	0.000000	1.244084
9.658635	20.025518	0.000000	1.248584
9.658635	20.025518	0.000000	1.253084
9.658635	20.025518	0.000000	1.257584
9.658635	20.025518	0.000000	1.262084
9.658635	20.025518	0.000000	1.266584
9.658635	20.025518	0.000000	1.271084
9.699127	20.025518	0.000000	1.275584
9.699127	20.025518	0.000000	1.280084
9.699127	20.025518	0.000000	1.284584
9.699127	20.025518	0.000000	1.289084
9.699127	20.025518	0.000000	1.293584
9.699127	20.025518	0.000000	1.298084
9.699127	20.025518	0.000000	1.302584
9.699127	20.025518	0.000000	1.307084
9.699127	20.025518	0.000000	1.311584
9.739619	20.025518	0.000000	1.316084
9.739619	20.025518	0.000000	1.320584
9.739619	20.025518	0.000000	1.325084
9.739619	20.025518	0.000000	1.329584
9.739619	20.025518	0.000000	1.334084
9.739619	20.025518	0.000000	1.338584
9.780112	20.025518	0.000000	1.343084
9.820604	20.025518	0.000000	1.347584
9.942080	20.025518	0.000000	1.352084
9.982572	20.025518	0.000000	1.356584
10.023064	20.025518	0.000000	1.361084
10.023064	20.025518	0.000000	1.365584
10.023064	20.025518	0.000000	1.370084
10.023064	20.025518	0.000000	1.374584
10.023064	20.025518	0.000000	1.379084
10.023064	20.025518	0.000000	1.383584
10.063556	20.025518	0.000000	1.388084
10.104048	20.025518	0.000000	1.392584
10.144540	20.025518	0.000000	1.397084
10.185032	20.025518	0.000000	1.401584
10.185032	20.025518	0.000000	1.406084
10.185032	20.025518	0.000000	1.410584
10.185032	20.025518	0.000000	1.415084
10.185032	20.025518	0.000000	1.419584
10.225524	20.025518	0.000000	1.424084
10.225524	20.025518	0.000000	1.428584
10.225524	20.025518	0.000000	1.433084
10.225524	20.025518	0.000000	1.437584
10.225524	20.025518	0.000000	1.442084
10.225524	20.025518	0.000000	1.446584
10.225524	20.025518	0.000000	1.451084
10.225524	20.025518	0.000000	1.455584
10.225524	20.025518	0.000000	1.460084
10.225524	20.025518	0.000000	1.464584
10.225524	20.025518	0.000000	1.469084
10.225524	20.025518	0.000000	1.473584
10.225524	20.025518	0.000000	1.478084
10.225524	20.025518	0.000000	1.482584
10.225524	20.025518	0.000000	1.487084
10.225524	20.025518	0.000000	1.491584
10.225524	20.025518	0.000000	1.496084
10.225524	20.025518	0.000000	1.500584
10.225524	20.025518	0.000000	1.505084
10.225524	20.025518	0.000000	1.509584
10.225524	20.025518	0.000000	1.514084
10.225524	20.025518	0.000000	1.518584
10.225524	20.025518	0.000000	1.523084
10.225524	20.025518	0.000000	1.527584
10.225524	20.025518	0.000000	1.532084
10.225524	20.025518	0.000000	1.536584
10.225524	20.025518	0.000000	1.541084
10.266016	20.025518	0.000000	1.545584
10.266016	20.025518	0.000000	1.550084
10.245770	20.025518	0.000000	1.554584
10.266016	20.025518	0.000000	1.559084
10.225524	20.025518	0.000000	1.563584
10.225524	20.025518	0.000000	1.568084
10.225524	20.025518	0.000000	1.572584
10.225524	20.025518	0.000000	1.577084
10.225524	20.025518	0.000000	1.581584
10.225524	20.025518	0.000000	1.586084
10.225524	20.025518	0.000000	1.590584
10.225524	20.025518	0.000000	1.595084
10.225524	20.025518	0.000000	1.599584
10.225524	20.025518	0.000000	1.604084
10.225524	20.025518	0.000000	1.608584
10.225524	20.025518	0.000000	1.613084
10.225524	20.025518	0.000000	1.617584
10.225524	20.025518	0.000000	1.622084
10.225524	20.025518	0.000000	1.626584
10.225524	20.025518	0.000000	1.631084
10.225524	20.025518	0.000000	1.635584
10.225524	20.025518	0.000000	1.640084
10.266016	20.025518	0.000000	1.644584
10.266016	20.025518	0.000000	1.649084
10.266016	20.025518	0.000000	1.653584
10.286262	20.025518	0.000000	1.658084
10.266016	20.025518	0.000000	1.662584
10.266016	20.025518	0.000000	1.667084
10.266016	20.025518	0.000000	1.671584
10.225524	20.025518	0.000000	1.676084
10.225524	20.025518	0.000000	1.680584
10.225524	20.025518	0.000000	1.685084
10.266016	20.025518	0.000000	1.689584
10.266016	20.025518	0.000000	1.694084
10.266016	20.025518	0.000000	1.698584
10.306508	20.025518	0.000000	1.703084
10.306508	20.025518	0.000000	1.707584
10.306508	20.025518	0.000000	1.712084
10.306508	20.025518	0.000000	1.716584
10.306508	20.025518	0.000000	1.721084
10.306508	20.025518	0.000000	1.725584
10.306508	20.025518	0.000000	1.730084
10.326754	20.025518	0.000000	1.734584
10.347000	20.025518	0.000000	1.739084
10.347000	20.025518	0.000000	1.743584
10.306508	20.025518	0.000000	1.748084
10.306508	20.025518	0.000000	1.752584
10.306508	20.025518	0.000000	1.757084
10.347000	20.025518	0.000000	1.761584
10.347000	20.025518	0.000000	1.766084
10.347000	20.025518	0.000000	1.770584
10.347000	20.025518	0.000000	1.775084
10.347000	20.025518	0.000000	1.779584
10.347000	20.025518	0.000000	1.784084
10.347000	20.025518	0.000000	1.788584
10.347000	20.025518	0.000000	1.793084
10.347000	20.025518	0.000000	1.797584
10.347000	20.025518	0.000000	1.802084
10.347000	20.025518	0.000000	1.806584
10.347000	20.025518	0.000000	1.811084
10.347000	20.025518	0.000000	1.815584
10.347000	20.025518	0.000000	1.820084
10.347000	20.025518	0.000000	1.824584
10.347000	20.025518	0.000000	1.829084
10.347000	20.025518	0.000000	1.833584
10.347000	20.025518	0.000000	1.838084
10.347000	20.025518	0.000000	1.842584
10.306508	20.025518	0.000000	1.847084
10.326754	20.025518	0.000000	1.851584
10.326754	20.025518	0.000000	1.856084
10.306508	20.025518	0.000000	1.860584
10.347000	20.025518	0.000000	1.865084
10.306508	20.025518	0.000000	1.869584
10.306508	20.025518	0.000000	1.874084
10.347000	20.025518	0.000000	1.878584
10.326754	20.025518	0.000000	1.883084
10.347000	20.025518	0.000000	1.887584
10.347000	20.025518	0.000000	1.892084
10.347000	20.025518	0.000000	1.896584
10.347000	20.025518	0.000000	1.901084
10.387492	20.025518	0.000000	1.905584
10.387492	20.025518	0.000000	1.910084
10.387492	20.025518	0.000000	1.914584
10.387492	20.025518	0.000000	1.919084
10.387492	20.025518	0.000000	1.923584
10.387492	20.025518	0.000000	1.928084
10.387492	20.025518	0.000000	1.932584
10.387492	20.025518	0.000000	1.937084
10.387492	20.025518	0.000000	1.941584
10.387492	20.025518	0.000000	1.946084
10.387492	20.025518	0.000000	1.950584
10.387492	20.025518	0.000000	1.955084
10.387492	20.025518	0.000000	1.959584
10.387492	20.025518	0.000000	1.964084
10.387492	20.025518	0.000000	1.968584
10.387492	20.025518	0.000000	1.973084
10.387492	20.025518	0.000000	1.977584
10.387492	20.025518	0.000000	1.982084
10.387492	20.025518	0.000000	1.986584
10.387492	20.025518	0.000000	1.991084
10.427984	20.025518	0.000000	1.995584
10.427984	20.025518	0.000000	2.000084
10.427984	20.025518	0.000000	2.004584
10.427984	20.025518	0.000000	2.009084
10.427984	20.025518	0.000000	2.013584
10.427984	20.025518	0.000000	2.018084
10.427984	20.025518	0.000000	2.022584
10.427984	20.025518	0.000000	2.027084
10.427984	20.025518	0.000000	2.031584
10.427984	20.025518	0.000000	2.036084
10.427984	20.025518	0.000000	2.040584
10.427984	20.025518	0.000000	2.045084
10.427984	20.025518	0.000000	2.049584
10.427984	20.025518	0.000000	2.054084
10.427984	20.025518	0.000000	2.058584
10.427984	20.025518	0.000000	2.063084
10.468477	20.025518	0.000000	2.067584
10.427984	20.025518	0.000000	2.072084
10.468477	20.025518	0.000000	2.076584
10.468477	20.025518	0.000000	2.081084
10.468477	20.025518	0.000000	2.085584
10.468477	20.025518	0.000000	2.090084
10.468477	20.025518	0.000000	2.094584
10.468477	20.025518	0.000000	2.099084
10.468477	20.025518	0.000000	2.103584
10.468477	20.025518	0.000000	2.108084
10.468477	20.025518	0.000000	2.112584
10.468477	20.025518	0.000000	2.117084
10.427984	20.025518	0.000000	2.121584
10.468477	20.025518	0.000000	2.126084
10.468477	20.025518	0.000000	2.130584
10.468477	20.025518	0.000000	2.135084
10.468477	20.025518	0.000000	2.139584
10.508969	20.025518	0.000000	2.144084
10.508969	20.025518	0.000000	2.148584
10.508969	20.025518	0.000000	2.153084
10.508969	20.025518	0.000000	2.157584
10.508969	20.025518	0.000000	2.162084
10.508969	20.025518	0.000000	2.166584
10.508969	20.025518	0.000000	2.171084
10.508969	20.025518	0.000000	2.175584
10.508969	20.025518	0.000000	2.180084
10.468477	20.025518	0.000000	2.184584
10.468477	20.025518	0.000000	2.189084
10.468477	20.025518	0.000000	2.193584
10.468477	20.025518	0.000000	2.198084
10.508969	20.025518	0.000000	2.202584
10.508969	20.025518	0.000000	2.207084
10.508969	20.025518	0.000000	2.211584
10.508969	20.025518	0.000000	2.216084
10.508969	20.025518	0.000000	2.220584
10.508969	20.025518	0.000000	2.225084
10.508969	20.025518	0.000000	2.229584
10.549461	20.025518	0.000000	2.234084
10.549461	20.025518	0.000000	2.238584
10.549461	20.025518	0.000000	2.243084
10.549461	20.025518	0.000000	2.247584
10.549461	20.025518	0.000000	2.252084
10.549461	20.025518	0.000000	2.256584
10.549461	20.025518	0.000000	2.261084
10.549461	20.025518	0.000000	2.265584
10.549461	20.025518	0.000000	2.270084
10.549461	20.025518	0.000000	2.274584
10.549461	20.025518	0.000000	2.279084
10.549461	20.025518	0.000000	2.283584
10.549461	20.025518	0.000000	2.288084
10.549461	20.025518	0.000000	2.292584
10.549461	20.025518	0.000000	2.297084
10.549461	20.025518	0.000000	2.301584
10.549461	20.025518	0.000000	2.306084
10.549461	20.025518	0.000000	2.310584
10.549461	20.025518	0.000000	2.315084
10.549461	20.025518	0.000000	2.319584
10.549461	20.025518	0.000000	2.324084
10.549461	20.025518	0.000000	2.328584
10.549461	20.025518	0.000000	2.333084
10.549461	20.025518	0.000000	2.337584
10.569707	20.025518	0.000000	2.342084
10.589953	20.025518	0.000000	2.346584
10.589953	20.025518	0.000000	2.351084
10.589953	20.025518	0.000000	2.355584
10.589953	20.025518	0.000000	2.360084
10.589953	20.025518	0.000000	2.364584
10.549461	20.025518	0.000000	2.369084
10.549461	20.025518	0.000000	2.373584
10.589953	20.025518	0.000000	2.378084
10.589953	20.025518	0.000000	2.382584
10.589953	20.025518	0.000000	2.387084
10.549461	20.025518	0.000000	2.391584
10.549461	20.025518	0.000000	2.396084
10.549461	20.025518	0.000000	2.400584
10.549461	20.025518	0.000000	2.405084
10.549461	20.025518	0.000000	2.409584
10.549461	20.025518	0.000000	2.414084
10.549461	20.025518	0.000000	2.418584
10.549461	20.025518	0.000000	2.423084
10.549461	20.025518	0.000000	2.427584
10.549461	20.025518	0.000000	2.432084
10.549461	20.025518	0.000000	2.436584
10.549461	20.025518	0.000000	2.441084
10.549461	20.025518	0.000000	2.445584
10.549461	20.025518	0.000000	2.450084
10.549461	20.025518	0.000000	2.454584
10.549461	20.025518	0.000000	2.459084
10.549461	20.025518	0.000000	2.463584
10.549461	20.025518	0.000000	2.468084
10.549461	20.025518	0.000000	2.472584
10.549461	20.025518	0.000000	2.477084
10.549461	20.025518	0.000000	2.481584
10.549461	20.025518	0.000000	2.486084
10.549461	20.025518	0.000000	2.490584
10.549461	20.025518	0.000000	2.495084
10.549461	20.025518	0.000000	2.499584
10.549461	20.025518	0.000000	2.504084
10.589953	20.025518	0.000000	2.508584
10.549461	20.025518	0.000000	2.513084
10.549461	20.025518	0.000000	2.517584
10.549461	20.025518	0.000000	2.522084
10.549461	20.025518	0.000000	2.526584
10.589953	20.025518	0.000000	2.531084
10.589953	20.025518	0.000000	2.535584
10.589953	20.025518	0.000000	2.540084
10.589953	20.025518	0.000000	2.544584
10.589953	20.025518	0.000000	2.549084
10.589953	20.025518	0.000000	2.553584
10.589953	20.025518	0.000000	2.558084
10.589953	20.025518	0.000000	2.562584
10.589953	20.025518	0.000000	2.567084
10.589953	20.025518	0.000000	2.571584
10.630445	20.025518	0.000000	2.576084
10.630445	20.025518	0.000000	2.580584
10.630445	20.025518	0.000000	2.585084
10.589953	20.025518	0.000000	2.589584
10.589953	20.025518	0.000000	2.594084
10.589953	20.025518	0.000000	2.598584
10.549461	20.025518	0.000000	2.603084
10.508969	20.025518	0.000000	2.607584
10.468477	20.025518	0.000000	2.612084
10.427984	20.025518	0.000000	2.616584
10.387492	20.025518	0.000000	2.621084
10.387492	20.025518	0.000000	2.625584
10.387492	20.025518	0.000000	2.630084
10.387492	20.025518	0.000000	2.634584
10.387492	20.025518	0.000000	2.639084
10.347000	20.025518	0.000000	2.643584
10.347000	20.025518	0.000000	2.648084
10.347000	20.025518	0.000000	2.652584
10.306508	20.025518	0.000000	2.657084
10.266016	20.025518	0.000000	2.661584
10.266016	20.025518	0.000000	2.666084
10.266016	20.025518	0.000000	2.670584
10.266016	20.025518	0.000000	2.675084
10.266016	20.025518	0.000000	2.679584
10.225524	20.025518	0.000000	2.684084
10.225524	20.025518	0.000000	2.688584
10.225524	20.025518	0.000000	2.693084
10.225524	20.025518	0.000000	2.697584
10.225524	20.025518	0.000000	2.702084
10.266016	20.025518	0.000000	2.706584
10.266016	20.025518	0.000000	2.711084
10.225524	20.025518	0.000000	2.715584
10.225524	20.025518	0.000000	2.720084
10.104048	20.025518	0.000000	2.724584
9.982572	20.025518	0.000000	2.729084
9.982572	20.025518	0.000000	2.733584
10.023064	20.025518	0.000000	2.738084
10.023064	20.025518	0.000000	2.742584
10.023064	20.025518	0.000000	2.747084
10.104048	20.025518	0.000000	2.751584
10.144540	20.025518	0.000000	2.756084
10.164786	20.025518	0.000000	2.760584
10.185032	20.025518	0.000000	2.765084
10.185032	20.025518	0.000000	2.769584
10.225524	20.025518	0.000000	2.774084
10.225524	20.025518	0.000000	2.778584
10.266016	20.025518	0.000000	2.783084
10.306508	20.025518	0.000000	2.787584
10.306508	20.025518	0.000000	2.792084
10.347000	20.025518	0.000000	2.796584
10.347000	20.025518	0.000000	2.801084
10.347000	20.025518	0.000000	2.805584
10.387492	20.025518	0.000000	2.810084
10.427984	20.025518	0.000000	2.814584
10.468477	20.025518	0.000000	2.819084
10.508969	20.025518	0.000000	2.823584
10.508969	20.025518	0.000000	2.828084
10.508969	20.025518	0.000000	2.832584
10.508969	20.025518	0.000000	2.837084
10.508969	20.025518	0.000000	2.841584
10.508969	20.025518	0.000000	2.846084
10.549461	20.025518	0.000000	2.850584
10.549461	20.025518	0.000000	2.855084
10.549461	20.025518	0.000000	2.859584
10.549461	20.025518	0.000000	2.864084
10.549461	20.025518	0.000000	2.868584
10.589953	20.025518	0.000000	2.873084
10.589953	20.025518	0.000000	2.877584
10.589953	20.025518	0.000000	2.882084
10.589953	20.025518	0.000000	2.886584
10.589953	20.025518	0.000000	2.891084
10.630445	20.025518	0.000000	2.895584
10.630445	20.025518	0.000000	2.900084
10.650691	20.025518	0.000000	2.904584
10.670937	20.025518	0.000000	2.909084
10.670937	20.025518	0.000000	2.913584
10.670937	20.025518	0.000000	2.918084
10.670937	20.025518	0.000000	2.922584
10.670937	20.025518	0.000000	2.927084
10.670937	20.025518	0.000000	2.931584
10.670937	20.025518	0.000000	2.936084
10.670937	20.025518	0.000000	2.940584
10.670937	20.025518	0.000000	2.945084
10.670937	20.025518	0.000000	2.949584
10.670937	20.025518	0.000000	2.954084
10.670937	20.025518	0.000000	2.958584
10.670937	20.025518	0.000000	2.963084
10.670937	20.025518	0.000000	2.967584
10.670937	20.025518	0.000000	2.972084
10.670937	20.025518	0.000000	2.976584
10.670937	20.025518	0.000000	2.981084
10.670937	20.025518	0.000000	2.985584
10.670937	20.025518	0.000000	2.990084
10.711429	20.025518	0.000000	2.994584
10.711429	20.025518	0.000000	2.999084
10.711429	20.025518	0.000000	3.003584
10.711429	20.025518	0.000000	3.008084
10.711429	20.025518	0.000000	3.012584
10.711429	20.025518	0.000000	3.017084
10.711429	20.025518	0.000000	3.021584
10.711429	20.025518	0.000000	3.026084
10.711429	20.025518	0.000000	3.030584
10.711429	20.025518	0.000000	3.035084
10.711429	20.025518	0.000000	3.039584
10.751921	20.025518	0.000000	3.044084
10.751921	20.025518	0.000000	3.048584
10.751921	20.025518	0.000000	3.053084
10.751921	20.025518	0.000000	3.057584
10.751921	20.025518	0.000000	3.062084
10.751921	20.025518	0.000000	3.066584
10.751921	20.025518	0.000000	3.071084
10.792413	20.025518	0.000000	3.075584
10.751921	20.025518	0.000000	3.080084
10.751921	20.025518	0.000000	3.084584
10.751921	20.025518	0.000000	3.089084
10.751921	20.025518	0.000000	3.093584
10.751921	20.025518	0.000000	3.098084
10.751921	20.025518	0.000000	3.102584
10.711429	20.025518	0.000000	3.107084
10.711429	20.025518	0.000000	3.111584
10.751921	20.025518	0.000000	3.116084
10.751921	20.025518	0.000000	3.120584
10.711429	20.025518	0.000000	3.125084
10.711429	20.025518	0.000000	3.129584
10.711429	20.025518	0.000000	3.134084
10.711429	20.025518	0.000000	3.138584
10.711429	20.025518	0.000000	3.143084
10.711429	20.025518	0.000000	3.147584
10.711429	20.025518	0.000000	3.152084
10.711429	20.025518	0.000000	3.156584
10.711429	20.025518	0.000000	3.161084
10.711429	20.025518	0.000000	3.165584
10.711429	20.025518	0.000000	3.170084
10.711429	20.025518	0.000000	3.174584
10.711429	20.025518	0.000000	3.179084
10.711429	20.025518	0.000000	3.183584
10.711429	20.025518	0.000000	3.188084
10.711429	20.025518	0.000000	3.192584
10.711429	20.025518	0.000000	3.197084
10.711429	20.025518	0.000000	3.201584
10.751921	20.025518	0.000000	3.206084
10.792413	20.025518	0.000000	3.210584
10.792413	20.025518	0.000000	3.215084
10.792413	20.025518	0.000000	3.219584
10.792413	20.025518	0.000000	3.224084
10.792413	20.025518	0.000000	3.228584
10.832905	20.025518	0.000000	3.233084
10.832905	20.025518	0.000000	3.237584
10.832905	20.025518	0.000000	3.242084
10.832905	20.025518	0.000000	3.246584
10.832905	20.025518	0.000000	3.251084
10.792413	20.025518	0.000000	3.255584
10.792413	20.025518	0.000000	3.260084
10.792413	20.025518	0.000000	3.264584
10.792413	20.025518	0.000000	3.269084
10.832905	20.025518	0.000000	3.273584
10.832905	20.025518	0.000000	3.278084
10.832905	20.025518	0.000000	3.282584
10.832905	20.025518	0.000000	3.287084
10.832905	20.025518	0.000000	3.291584
10.832905	20.025518	0.000000	3.296084
10.832905	20.025518	0.000000	3.300584
10.832905	20.025518	0.000000	3.305084
10.832905	20.025518	0.000000	3.309584
10.832905	20.025518	0.000000	3.314084
10.832905	20.025518	0.000000	3.318584
10.832905	20.025518	0.000000	3.323084
10.832905	20.025518	0.000000	3.327584
10.832905	20.025518	0.000000	3.332084
10.832905	20.025518	0.000000	3.336584
10.751921	20.025518	0.000000	3.341084
10.508969	20.025518	0.000000	3.345584
10.347000	20.025518	0.000000	3.350084
10.306508	20.025518	0.000000	3.354584
10.347000	20.025518	0.000000	3.359084
10.347000	20.025518	0.000000	3.363584
10.347000	20.025518	0.000000	3.368084
10.387492	20.025518	0.000000	3.372584
10.387492	20.025518	0.000000	3.377084
10.427984	20.025518	0.000000	3.381584
10.427984	20.025518	0.000000	3.386084
10.468477	20.025518	0.000000	3.390584
10.468477	20.025518	0.000000	3.395084
10.508969	20.025518	0.000000	3.399584
10.508969	20.025518	0.000000	3.404084
10.508969	20.025518	0.000000	3.408584
10.508969	20.025518	0.000000	3.413084
10.508969	20.025518	0.000000	3.417584
10.508969	20.025518	0.000000	3.422084
10.508969	20.025518	0.000000	3.426584
10.508969	20.025518	0.000000	3.431084
10.508969	20.025518	0.000000	3.435584
10.549461	20.025518	0.000000	3.440084
10.589953	20.025518	0.000000	3.444584
10.630445	20.025518	0.000000	3.449084
10.630445	20.025518	0.000000	3.453584
10.630445	20.025518	0.000000	3.458084
10.630445	20.025518	0.000000	3.462584
10.630445	20.025518	0.000000	3.467084
10.630445	20.025518	0.000000	3.471584
10.670937	20.025518	0.000000	3.476084
10.630445	20.025518	0.000000	3.480584
10.670937	20.025518	0.000000	3.485084
10.670937	20.025518	0.000000	3.489584
10.670937	20.025518	0.000000	3.494084
10.551237	20.025518	0.000000	3.498554
10.431837	20.025518	0.000000	3.502995
10.352929	20.025518	0.000000	3.507405
10.233529	20.025518	0.000000	3.511785
10.111129	20.025518	0.000000	3.516135
9.992029	20.025518	0.000000	3.520456
9.913121	20.025518	0.000000	3.524746
9.793721	20.025518	0.000000	3.529006
9.700713	20.025518	0.000000	3.533233
9.592413	20.025518	0.000000	3.537433
9.513805	20.025518	0.000000	3.541604
9.394405	20.025518	0.000000	3.545744
9.275305	20.025518	0.000000	3.549855
9.153205	20.025518	0.000000	3.553935
9.033805	20.025518	0.000000	3.557985
8.894159	20.025518	0.000000	3.562005
8.795005	20.025518	0.000000	3.565996
8.672605	20.025518	0.000000	3.569956
8.553205	20.025518	0.000000	3.573886
8.434105	20.025518	0.000000	3.577786
8.314705	20.025518	0.000000	3.581657
8.180905	20.025518	0.000000	3.585494
8.072905	20.025518	0.000000	3.589304
7.953505	20.025518	0.000000	3.593084
7.834405	20.025518	0.000000	3.596834
7.735251	20.025518	0.000000	3.600555
7.593205	20.025518	0.000000	3.604245
7.513997	20.025518	0.000000	3.607905
7.394597	20.025518	0.000000	3.611535
7.275197	20.025518	0.000000	3.615136
7.153397	20.025518	0.000000	3.618706
7.034297	20.025518	0.000000	3.622246
6.914897	20.025518	0.000000	3.625756
6.794897	20.025518	0.000000	3.629237
6.661397	20.025518	0.000000	3.632684
6.553097	20.025518	0.000000	3.636103
6.433997	20.025518	0.000000	3.639494
6.314597	20.025518	0.000000	3.642854
6.200297	20.025518	0.000000	3.646186
6.080897	20.025518	0.000000	3.649488
5.959097	20.025518	0.000000	3.652759
5.839397	20.025518	0.000000	3.656000
5.719997	20.025518	0.000000	3.659212
5.600597	20.025518	0.000000	3.662394
5.480897	20.025518	0.000000	3.665546
5.359097	20.025518	0.000000	3.668667
5.280189	20.025518	0.000000	3.671759
5.160789	20.025518	0.000000	3.674820
5.041389	20.025518	0.000000	3.677852
4.919289	20.025518	0.000000	3.680854
4.799889	20.025518	0.000000	3.683825
4.680489	20.025518	0.000000	3.686767
4.560789	20.025518	0.000000	3.689679
4.441389	20.025518	0.000000	3.692560
4.319589	20.025518	0.000000	3.695412
4.199889	20.025518	0.000000	3.698233
4.080489	20.025518	0.000000	3.701025
3.960789	20.025518	0.000000	3.703787
3.841089	20.025518	0.000000	3.706519
3.721389	20.025518	0.000000	3.709220
3.599289	20.025518	0.000000	3.711892
3.479889	20.025518	0.000000	3.714533
3.360489	20.025518	0.000000	3.717145
3.241089	20.025518	0.000000	3.719727
3.159481	20.025518	0.000000	3.722278
3.039781	20.025518	0.000000	3.724799
2.920381	20.025518	0.000000	3.727291
2.801281	20.025518	0.000000	3.729753
2.679481	20.025518	0.000000	3.732184
2.560381	20.025518	0.000000	3.734585
2.440981	20.025518	0.000000	3.736957
2.341827	20.025518	0.000000	3.739299
2.199481	20.025518	0.000000	3.741610
2.120573	20.025518	0.000000	3.743892
2.001173	20.025518	0.000000	3.746143
1.881773	20.025518	0.000000	3.748365
1.759973	20.025518	0.000000	3.750556
1.680765	20.025518	0.000000	3.752717
1.561365	20.025518	0.000000	3.754849
1.442265	20.025518	0.000000	3.756951
1.319565	20.025518	0.000000	3.759022
1.200765	20.025518	0.000000	3.761063
1.081065	20.025518	0.000000	3.763074
0.961665	20.025518	0.000000	3.765056
0.842265	20.025518	0.000000	3.767008
0.720465	20.025518	0.000000	3.768929
0.600765	20.025518	0.000000	3.770820
0.481665	20.025518	0.000000	3.772682
0.362265	20.025518	0.000000	3.774514
0.240465	20.025518	0.000000	3.776315
0.161257	20.025518	0.000000	3.778086
0.041857	20.025518	0.000000	3.779828
-0.077543	20.025365	0.000000	3.779828
-0.199343	20.024202	0.000000	3.778147
-0.318743	20.022063	0.000000	3.776495
-0.437843	20.018996	0.000000	3.774874
-0.557243	20.015036	0.000000	3.773282
-0.677243	20.010216	0.000000	3.771720
-0.799043	20.004564	0.000000	3.770189
-0.936443	19.998070	0.000000	3.768692
-1.079835	19.990654	0.000000	3.767221
-1.159043	19.982587	0.000000	3.765780
-1.278143	19.973987	0.000000	3.764368
-1.397543	19.964744	0.000000	3.762986
-1.519643	19.954891	0.000000	3.761635
-1.638743	19.944457	0.000000	3.760314
-1.757843	19.933490	0.000000	3.759022
-1.877243	19.922024	0.000000	3.757761
-1.958550	19.910217	0.000000	3.756529
-2.077650	19.898093	0.000000	3.755328
-2.197050	19.885572	0.000000	3.754156
-2.318850	19.872688	0.000000	3.753015
-2.443350	19.859472	0.000000	3.751905
-2.557950	19.845950	0.000000	3.750824
-2.677350	19.832187	0.000000	3.749772
-2.797050	19.818205	0.000000	3.748750
-2.919150	19.804041	0.000000	3.747759
-3.038250	19.789723	0.000000	3.746798
-3.157650	19.775295	0.000000	3.745866
-3.276750	19.760789	0.000000	3.744965
-3.398550	19.746249	0.000000	3.744093
-3.518250	19.731701	0.000000	3.743252
-3.597458	19.717266	0.000000	3.742441
-3.716558	19.702974	0.000000	3.741659
-3.838658	19.688786	0.000000	3.740908
-3.958058	19.674727	0.000000	3.740187
-4.077458	19.660838	0.000000	3.739495
-4.197158	19.647153	0.000000	3.738834
-4.316258	19.633708	0.000000	3.738202
-4.438358	19.620550	0.000000	3.737601
-4.562858	19.607721	0.000000	3.737031
-4.677158	19.595213	0.000000	3.736489
-4.798958	19.583106	0.000000	3.735978
-4.918658	19.571417	0.000000	3.735497
-4.997566	19.560230	0.000000	3.735046
-5.116666	19.549572	0.000000	3.734624
-5.236066	19.539436	0.000000	3.734232
-5.357866	19.529869	0.000000	3.733871
-5.477566	19.520895	0.000000	3.733540
-5.596966	19.512550	0.000000	3.733239
-5.716366	19.504869	0.000000	3.732967
-5.836066	19.497890	0.000000	3.732725
-5.958166	19.491665	0.000000	3.732514
-6.077566	19.486210	0.000000	3.732333
-6.156774	19.481581	0.000000	3.732182
-6.276174	19.477805	0.000000	3.732060
-6.395874	19.474904	0.000000	3.731969
-6.517974	19.472933	0.000000	3.731907
-6.647274	19.471987	0.000000	3.731879
-6.757074	19.471944	0.000000	3.731877
-6.762174	19.404348	0.000000	3.731877
-6.762174	19.336726	0.000000	3.731877
-6.762174	19.269105	0.000000	3.731877
-6.762174	19.201483	0.000000	3.731877
-6.762174	19.133861	0.000000	3.731877
-6.762174	19.066239	0.000000	3.731877
-6.762174	18.998618	0.000000	3.731877
-6.762174	18.930996	0.000000	3.731877
-6.762174	18.863374	0.000000	3.731877
-6.762174	18.795752	0.000000	3.731877
-6.762174	18.728131	0.000000	3.731877
-6.762174	18.660509	0.000000	3.731877
-6.721682	18.593090	0.000000	3.731877
-6.721682	18.525873	0.000000	3.731877
-6.721682	18.458656	0.000000	3.731877
-6.721682	18.391439	0.000000	3.731877
-6.681190	18.324425	0.000000	3.731877
-6.681190	18.257613	0.000000	3.731877
-6.681190	18.190801	0.000000	3.731877
-6.681190	18.123989	0.000000	3.731877
-6.681190	18.057177	0.000000	3.731877
-6.681190	17.990365	0.000000	3.731877
-6.721682	17.923351	0.000000	3.731877
-6.721682	17.856134	0.000000	3.731877
-6.721682	17.788917	0.000000	3.731877
-6.721682	17.721701	0.000000	3.731877
-6.721682	17.654484	0.000000	3.731877
-6.681190	17.587469	0.000000	3.731877
-6.681190	17.520657	0.000000	3.731877
-6.640698	17.454048	0.000000	3.731877
-6.640698	17.387641	0.000000	3.731877
-6.600206	17.321437	0.000000	3.731877
-6.600206	17.255434	0.000000	3.731877
-6.600206	17.189432	0.000000	3.731877
-6.600206	17.123430	0.000000	3.731877
-6.600206	17.057428	0.000000	3.731877
-6.559714	16.991629	0.000000	3.731877
-6.559714	16.926032	0.000000	3.731877
-6.559714	16.860434	0.000000	3.731877
-6.559714	16.794837	0.000000	3.731877
-6.559714	16.729240	0.000000	3.731877
-6.559714	16.663643	0.000000	3.731877
-6.559714	16.598046	0.000000	3.731877
-6.559714	16.532449	0.000000	3.731877
-6.579960	16.466750	0.000000	3.731877
-6.559714	16.401052	0.000000	3.731877
-6.559714	16.335455	0.000000	3.731877
-6.559714	16.269858	0.000000	3.731877
-6.559714	16.204261	0.000000	3.731877
-6.519222	16.138866	0.000000	3.731877
-6.519222	16.073674	0.000000	3.731877
-6.519222	16.008481	0.000000	3.731877
-6.519222	15.943289	0.000000	3.731877
-6.498976	15.878198	0.000000	3.731877
-6.478730	15.813310	0.000000	3.731877
-6.478730	15.748522	0.000000	3.731877
-6.478730	15.683735	0.000000	3.731877
-6.478730	15.618948	0.000000	3.731877
-6.438238	15.554363	0.000000	3.731877
-6.438238	15.489981	0.000000	3.731877
-6.397746	15.425801	0.000000	3.731877
-6.397746	15.361823	0.000000	3.731877
-6.357254	15.298048	0.000000	3.731877
-6.357254	15.234476	0.000000	3.731877
-6.316762	15.171106	0.000000	3.731877
-6.316762	15.107938	0.000000	3.731877
-6.276270	15.044973	0.000000	3.731877
-6.235777	14.982413	0.000000	3.731877
-6.235777	14.920055	0.000000	3.731877
-6.195285	14.857899	0.000000	3.731877
-6.195285	14.795947	0.000000	3.731877
-6.154793	14.734196	0.000000	3.731877
-6.154793	14.672648	0.000000	3.731877
-6.114301	14.611303	0.000000	3.731877
-6.114301	14.550160	0.000000	3.731877
-6.073809	14.489219	0.000000	3.731877
-6.033317	14.428684	0.000000	3.731877
-5.992825	14.368553	0.000000	3.731877
-5.952333	14.308827	0.000000	3.731877
-5.911841	14.249506	0.000000	3.731877
-5.911841	14.190388	0.000000	3.731877
-5.871349	14.131472	0.000000	3.731877
-5.830857	14.072961	0.000000	3.731877
-5.790365	14.014855	0.000000	3.731877
-5.749873	13.957154	0.000000	3.731877
-5.709381	13.899857	0.000000	3.731877
-5.668889	13.842966	0.000000	3.731877
-5.668889	13.786277	0.000000	3.731877
-5.587904	13.729993	0.000000	3.731877
-5.547412	13.674317	0.000000	3.731877
-5.506920	13.619045	0.000000	3.731877
-5.506920	13.563976	0.000000	3.731877
-5.466428	13.509109	0.000000	3.731877
-5.425936	13.454647	0.000000	3.731877
-5.385444	13.400590	0.000000	3.731877
-5.344952	13.346938	0.000000	3.731877
-5.304460	13.293691	0.000000	3.731877
-5.304460	13.240647	0.000000	3.731877
-5.263968	13.187804	0.000000	3.731877
-5.243722	13.135266	0.000000	3.731877
-5.223476	13.082930	0.000000	3.731877
-5.182984	13.030898	0.000000	3.731877
-5.182984	12.979068	0.000000	3.731877
-5.142492	12.927440	0.000000	3.731877
-5.142492	12.876016	0.000000	3.731877
-5.102000	12.824793	0.000000	3.731877
-5.061508	12.773976	0.000000	3.731877
-5.061508	12.723360	0.000000	3.731877
-5.021016	12.672948	0.000000	3.731877
-4.980524	12.622940	0.000000	3.731877
-4.940032	12.573337	0.000000	3.731877
-4.940032	12.523937	0.000000	3.731877
-4.899539	12.474739	0.000000	3.731877
-4.899539	12.425744	0.000000	3.731877
-4.899539	12.376748	0.000000	3.731877
-4.859047	12.327955	0.000000	3.731877
-4.859047	12.279365	0.000000	3.731877
-4.818555	12.230977	0.000000	3.731877
-4.818555	12.182791	0.000000	3.731877
-4.778063	12.134808	0.000000	3.731877
-4.737571	12.087230	0.000000	3.731877
-4.737571	12.039854	0.000000	3.731877
-4.697079	11.992681	0.000000	3.731877
-4.656587	11.945913	0.000000	3.731877
-4.616095	11.899549	0.000000	3.731877
-4.616095	11.853389	0.000000	3.731877
-4.575603	11.807430	0.000000	3.731877
-4.575603	11.761674	0.000000	3.731877
-4.535111	11.716120	0.000000	3.731877
-4.494619	11.670972	0.000000	3.731877
-4.454127	11.626228	0.000000	3.731877
-4.413635	11.581889	0.000000	3.731877
-4.373143	11.537955	0.000000	3.731877
-4.373143	11.494224	0.000000	3.731877
-4.292159	11.450897	0.000000	3.731877
-4.251666	11.408178	0.000000	3.731877
-4.251666	11.365662	0.000000	3.731877
-4.170682	11.323550	0.000000	3.731877
-4.130190	11.282046	0.000000	3.731877
-4.089698	11.240946	0.000000	3.731877
-4.049206	11.200252	0.000000	3.731877
-3.968222	11.160164	0.000000	3.731877
-3.927730	11.120685	0.000000	3.731877
-3.846746	11.081812	0.000000	3.731877
-3.806254	11.043547	0.000000	3.731877
-3.765762	11.005687	0.000000	3.731877
-3.725270	10.968232	0.000000	3.731877
-3.684778	10.931182	0.000000	3.731877
-3.644286	10.894537	0.000000	3.731877
-3.644286	10.858094	0.000000	3.731877
-3.603793	10.821853	0.000000	3.731877
-3.603793	10.785815	0.000000	3.731877
-3.603793	10.749777	0.000000	3.731877
-3.603793	10.713739	0.000000	3.731877
-3.603793	10.677702	0.000000	3.731877
-3.603793	10.641664	0.000000	3.731877
-3.603793	10.605626	0.000000	3.731877
-3.563301	10.569790	0.000000	3.731877
-3.563301	10.534157	0.000000	3.731877
-3.522809	10.498727	0.000000	3.731877
-3.482317	10.463701	0.000000	3.731877
-3.441825	10.429080	0.000000	3.731877
-3.441825	10.394662	0.000000	3.731877
-3.401333	10.360446	0.000000	3.731877
-3.401333	-0.034013	0.000000	0.000000
-3.320349	-0.033608	0.000000	0.000000
-3.279857	-0.033001	0.000000	0.000000
-3.279857	-0.032799	0.000000	0.000000
-3.239365	-0.032596	0.000000	0.000000
-3.198873	-0.032191	0.000000	0.000000
-3.077397	-0.031381	0.000000	0.000000
-2.955920	-0.030167	0.000000	0.000000
-2.874936	-0.029154	0.000000	0.000000
-2.631984	-0.027535	0.000000	0.000000
-2.429524	-0.025308	0.000000	0.000000
-2.146079	-0.022878	0.000000	0.000000
-1.903127	-0.020246	0.000000	0.000000
-1.660175	-0.017817	0.000000	0.000000
-1.498206	-0.015792	0.000000	0.000000
-1.336238	-0.014172	0.000000	0.000000
-1.255254	-0.012957	0.000000	0.000000
0.000000	-0.006276	0.000000	0.000000
0.000000	0.000000	0.000000	0.000000
0.000000	0.000000	0.000000	0.000000
0.000000	0.000000	0.000000	0.000000
0.000000	0.000000	0.000000	0.000000
0.000000	0.000000	0.000000	0.000000
0.000000	0.000000	0.000000	0.000000
0.000000	0.000000	0.000000	0.000000
0.000000	0.000000	0.000000	0.000000
0.000000	0.000000	0.000000	0.000000
0.000000	0.000000	0.000000	0.000000
0.000000	0.000000	0.000000	0.000000
0.000000	0.000000	0.000000	0.000000
0.000000	0.000000	0.000000	0.000000
0.000000	0.000000	0.000000	0.000000
0.000000	0.000000	0.000000	0.000000
0.000000	0.000000	0.000000	0.000000
0.000000	0.000000	0.000000	0.000000
0.000000	0.000000	0.000000	0.000000
0.000000	0.000000	0.000000	0.000000
0.000000	0.000000	0.000000	0.000000
0.000000	0.000000	0.000000	0.000000
0.000000	0.000000	0.000000	0.000000
0.000000	0.000000	0.000000	0.000000
0.000000	0.000000	0.000000	0.000000
0.000000	0.000000	0.000000	0.000000
0.000000	0.000000	0.000000	0.000000
0.000000	0.000000	0.000000	0.000000
0.000000	0.000000	0.000000	0.000000
0.000000	0.000000	0.000000	0.000000
0.000000	0.000000	0.000000	0.000000
0.000000	0.000000	0.000000	0.000000
0.000000	0.000000	0.000000	0.000000
0.000000	0.000000	0.000000	0.000000
0.000000	0.000000	0.000000	0.000000
0.000000	0.000000	0.000000	0.000000
0.000000	0.000000	0.000000	0.000000
0.000000	0.000000	0.000000	0.000000
0.000000	0.000000	0.000000	0.000000
0.000000	0.000000	0.000000	0.000000
0.000000	0.000000	0.000000	0.000000
0.000000	0.000000	0.000000	0.000000
0.000000	0.000000	0.000000	0.000000
0.000000	0.000000	0.000000	0.000000
0.000000	0.000000	0.000000	0.000000
0.000000	0.000000	0.000000	0.000000
0.000000	0.000000	0.000000	0.000000
0.000000	0.000000	0.000000	0.000000
0.000000	0.000000	0.000000	0.000000
0.000000	0.000000	0.000000	0.000000
0.000000	0.000000	0.000000	0.000000
0.000000	0.000000	0.000000	0.000000
0.000000	0.000000	0.000000	0.000000
0.000000	0.000000	0.000000	0.000000
0.000000	0.000000	0.000000	0.000000
0.000000	0.000000	0.000000	0.000000
0.000000	0.000000	0.000000	0.000000
0.000000	0.000000	0.000000	0.000000
0.000000	0.000000	0.000000	0.000000
0.000000	0.000000	0.000000	0.000000
0.000000	0.000000	0.000000	0.000000
0.000000	0.000000	0.000000	0.000000
0.000000	0.000000	0.000000	0.000000
0.000000	0.000000	0.000000	0.000000
0.000000	0.000000	0.000000	0.000000
0.000000	0.000000	0.000000	0.000000
0.000000	0.000000	0.000000	0.000000
0.000000	0.000000	0.000000	0.000000
0.000000	0.000000	0.000000	0.000000
0.000000	0.000000	0.000000	0.000000
0.000000	0.000000	0.000000	0.000000
0.000000	0.000000	0.000000	0.000000
0.000000	0.000000	0.000000	0.000000
0.000000	0.000000	0.000000	0.000000
0.000000	0.000000	0.000000	0.000000
0.000000	0.000000	0.000000	0.000000
0.000000	0.000000	0.000000	0.000000
0.000000	0.000000	0.000000	0.000000
0.000000	0.000000	0.000000	0.000000
0.000000	0.000000	0.000000	0.000000
0.000000	0.000000	0.000000	0.000000
0.000000	0.000000	0.000000	0.000000
0.000000	0.000000	0.000000	0.000000
0.000000	0.000000	0.000000	0.000000
0.000000	0.000000	0.000000	0.000000
0.000000	0.000000	0.000000	0.000000
0.000000	0.000000	0.000000	0.000000
0.000000	0.000000	0.000000	0.000000
0.000000	0.000000	0.000000	0.000000
0.000000	0.000000	0.000000	0.000000
0.000000	0.000000	0.000000	0.000000
0.000000	0.000000	0.000000	0.000000
0.000000	0.000000	0.000000	0.000000
0.000000	0.000000	0.000000	0.000000
0.000000	0.000000	0.000000	0.000000
0.000000	0.000000	0.000000	0.000000
0.000000	0.000000	0.000000	0.000000
0.000000	0.000000	0.000000	0.000000
0.000000	0.000000	0.000000	0.000000
0.000000	0.000000	0.000000	0.000000
0.000000	0.000000	0.000000	0.000000
0.000000	0.000000	0.000000	0.000000
0.000000	0.000000	0.000000	0.000000
0.000000	0.000000	0.000000	0.000000
0.000000	0.000000	0.000000	0.000000
0.000000	0.000000	0.000000	0.000000
0.000000	0.000000	0.000000	0.000000
0.000000	0.000000	0.000000	0.000000
0.000000	0.000000	0.000000	0.000000
0.000000	0.000000	0.000000	0.000000
0.000000	0.000000	0.000000	0.000000
0.000000	0.000000	0.000000	0.000000
0.000000	0.000000	0.000000	0.000000
0.000000	0.000000	0.000000	0.000000
0.000000	0.000000	0.000000	0.000000
0.000000	0.000000	0.000000	0.000000
0.000000	0.000000	0.000000	0.000000
0.000000	0.000000	0.000000	0.000000
0.000000	0.000000	0.000000	0.000000
0.000000	0.000000	0.000000	0.000000
0.000000	0.000000	0.000000	0.000000
0.000000	0.000000	0.000000	0.000000
0.000000	0.000000	0.000000	0.000000
0.000000	0.000000	0.000000	0.000000
0.000000	0.000000	0.000000	0.000000
0.000000	0.000000	0.000000	0.000000
0.000000	0.000000	0.000000	0.000000
0.000000	0.000000	0.000000	0.000000
0.000000	0.000000	0.000000	0.000000
0.000000	0.000000	0.000000	0.000000
0.000000	0.000000	0.000000	0.000000
0.000000	0.000000	0.000000	0.000000
0.000000	0.000000	0.000000	0.000000
0.000000	0.000000	0.000000	0.000000
0.000000	0.000000	0.000000	0.000000
0.000000	0.000000	0.000000	0.000000
0.000000	0.000000	0.000000	0.000000
0.000000	0.000000	0.000000	0.000000
0.000000	0.000000	0.000000	0.000000
0.000000	0.000000	0.000000	0.000000
0.000000	0.000000	0.000000	0.000000
0.000000	0.000000	0.000000	0.000000
0.000000	0.000000	0.000000	0.000000
0.000000	0.000000	0.000000	0.000000
0.000000	0.000000	0.000000	0.000000
0.000000	0.000000	0.000000	0.000000
0.000000	0.000000	0.000000	0.000000
0.000000	0.000000	0.000000	0.000000
0.000000	0.000000	0.000000	0.000000
0.000000	0.000000	0.000000	0.000000
0.000000	0.000000	0.000000	0.000000
0.000000	0.000000	0.000000	0.000000
0.000000	0.000000	0.000000	0.000000
0.000000	0.000000	0.000000	0.000000
0.000000	0.000000	0.000000	0.000000
0.000000	0.000000	0.000000	0.000000
0.000000	0.000000	0.000000	0.000000
0.000000	0.000000	0.000000	0.000000
0.000000	0.000000	0.000000	0.000000
0.000000	0.000000	0.000000	0.000000
0.000000	0.000000	0.000000	0.000000
0.000000	0.000000	0.000000	0.000000
0.000000	0.000000	0.000000	0.000000
0.000000	0.000000	0.000000	0.000000
0.000000	0.000000	0.000000	0.000000
0.000000	0.000000	0.000000	0.000000
0.000000	0.000000	0.000000	0.000000
0.000000	0.000000	0.000000	0.000000
0.000000	0.000000	0.000000	0.000000
0.000000	0.000000	0.000000	0.000000
0.000000	0.000000	0.000000	0.000000
0.000000	0.000000	0.000000	0.000000
0.000000	0.000000	0.000000	0.000000
0.000000	0.000000	0.000000	0.000000
0.000000	0.000000	0.000000	0.000000
0.000000	0.000000	0.000000	0.000000
0.000000	0.000000	0.000000	0.000000
0.000000	0.000000	0.000000	0.000000
0.000000	0.000000	0.000000	0.000000
0.000000	0.000000	0.000000	0.000000
0.000000	0.000000	0.000000	0.000000
0.000000	0.000000	0.000000	0.000000
0.000000	0.000000	0.000000	0.000000
0.000000	0.000000	0.000000	0.000000
0.000000	0.000000	0.000000	0.000000
0.000000	0.000000	0.000000	0.000000
0.000000	0.000000	0.000000	0.000000
0.000000	0.000000	0.000000	0.000000
0.000000	0.000000	0.000000	0.000000
0.000000	0.000000	0.000000	0.000000
0.000000	0.000000	0.000000	0.000000
0.000000	0.000000	0.000000	0.000000
0.000000	0.000000	0.000000	0.000000
0.000000	0.000000	0.000000	0.000000
0.000000	0.000000	0.000000	0.000000
0.000000	0.000000	0.000000	0.000000
0.000000	0.000000	0.000000	0.000000
0.000000	0.000000	0.000000	0.000000
0.000000	0.000000	0.000000	0.000000
0.000000	0.000000	0.000000	0.000000
0.000000	0.000000	0.000000	0.000000
0.000000	0.000000	0.000000	0.000000
0.000000	0.000000	0.000000	0.000000
0.000000	0.000000	0.000000	0.000000
0.000000	0.000000	0.000000	0.000000
0.000000	0.000000	0.000000	0.000000
0.000000	0.000000	0.000000	0.000000
0.000000	0.000000	0.000000	0.000000
0.000000	0.000000	0.000000	0.000000
0.000000	0.000000	0.000000	0.000000
0.000000	0.000000	0.000000	0.000000
0.000000	0.000000	0.000000	0.000000
0.000000	0.000000	0.000000	0.000000
0.000000	0.000000	0.000000	0.000000
0.000000	0.000000	0.000000	0.000000
0.000000	0.000000	0.000000	0.000000
0.000000	0.000000	0.000000	0.000000
0.000000	0.000000	0.000000	0.000000
0.000000	0.000000	0.000000	0.000000
0.000000	0.000000	0.000000	0.000000
0.000000	0.000000	0.000000	0.000000
0.000000	0.000000	0.000000	0.000000
0.000000	0.000000	0.000000	0.000000
0.000000	0.000000	0.000000	0.000000
0.000000	0.000000	0.000000	0.000000
0.000000	0.000000	0.000000	0.000000
0.000000	0.000000	0.000000	0.000000
0.000000	0.000000	0.000000	0.000000
0.000000	0.000000	0.000000	0.000000
0.000000	0.000000	0.000000	0.000000
0.000000	0.000000	0.000000	0.000000
0.000000	0.000000	0.000000	0.000000
0.000000	0.000000	0.000000	0.000000
0.000000	0.000000	0.000000	0.000000
0.000000	0.000000	0.000000	0.000000
0.000000	0.000000	0.000000	0.000000
0.000000	0.000000	0.000000	0.000000
0.000000	0.000000	0.000000	0.000000
0.000000	0.000000	0.000000	0.000000
0.000000	0.000000	0.000000	0.000000
0.000000	0.000000	0.000000	0.000000
0.000000	0.000000	0.000000	0.000000
0.000000	0.000000	0.000000	0.000000
0.000000	0.000000	0.000000	0.000000
0.000000	0.000000	0.000000	0.000000
0.000000	0.000000	0.000000	0.000000
0.000000	0.000000	0.000000	0.000000
0.000000	0.000000	0.000000	0.000000
0.000000	0.000000	0.000000	0.000000
0.000000	0.000000	0.000000	0.000000
0.000000	0.000000	0.000000	0.000000
0.000000	0.000000	0.000000	0.000000
0.000000	0.000000	0.000000	0.000000
0.000000	0.000000	0.000000	0.000000
0.000000	0.000000	0.000000	0.000000
0.000000	0.000000	0.000000	0.000000
0.000000	0.000000	0.000000	0.000000
0.000000	0.000000	0.000000	0.000000
0.000000	0.000000	0.000000	0.000000
0.000000	0.000000	0.000000	0.000000
0.000000	0.000000	0.000000	0.000000
0.000000	0.000000	0.000000	0.000000
0.000000	0.000000	0.000000	0.000000
0.000000	0.000000	0.000000	0.000000
0.000000	0.000000	0.000000	0.000000
0.000000	0.000000	0.000000	0.000000
0.000000	0.000000	0.000000	0.000000
0.000000	0.000000	0.000000	0.000000
0.000000	0.000000	0.000000	0.000000
0.000000	0.000000	0.000000	0.000000
0.000000	0.000000	0.000000	0.000000
0.000000	0.000000	0.000000	0.000000
0.000000	0.000000	0.000000	0.000000
0.000000	0.000000	0.000000	0.000000
0.000000	0.000000	0.000000	0.000000
0.000000	0.000000	0.000000	0.000000
0.000000	0.000000	0.000000	0.000000
0.000000	0.000000	0.000000	0.000000
0.000000	0.000000	0.000000	0.000000
0.000000	0.000000	0.000000	0.000000
0.000000	0.000000	0.000000	0.000000
0.000000	0.000000	0.000000	0.000000
0.000000	0.000000	0.000000	0.000000
0.000000	0.000000	0.000000	0.000000
0.000000	0.000000	0.000000	0.000000
0.000000	0.000000	0.000000	0.000000
0.000000	0.000000	0.000000	0.000000
0.000000	0.000000	0.000000	0.000000
0.000000	0.000000	0.000000	0.000000
0.000000	0.000000	0.000000	0.000000
0.000000	0.000000	0.000000	0.000000
0.000000	0.000000	0.000000	0.000000
0.000000	0.000000	0.000000	0.000000
0.000000	0.000000	0.000000	0.000000
0.000000	0.000000	0.000000	0.000000
0.000000	0.000000	0.000000	0.000000
0.000000	0.000000	0.000000	0.000000
0.000000	0.000000	0.000000	0.000000
0.000000	0.000000	0.000000	0.000000
0.000000	0.000000	0.000000	0.000000
0.000000	0.000000	0.000000	0.000000
0.000000	0.000000	0.000000	0.000000
0.000000	0.000000	0.000000	0.000000
0.000000	0.000000	0.000000	0.000000
0.000000	0.000000	0.000000	0.000000
0.000000	0.000000	0.000000	0.000000
0.000000	0.000000	0.000000	0.000000
0.000000	0.000000	0.000000	0.000000
0.000000	0.000000	0.000000	0.000000
0.000000	0.000000	0.000000	0.000000
0.000000	0.000000	0.000000	0.000000
0.000000	0.000000	0.000000	0.000000
0.000000	0.000000	0.000000	0.000000
0.000000	0.000000	0.000000	0.000000
0.000000	0.000000	0.000000	0.000000
0.000000	0.000000	0.000000	0.000000
0.000000	0.000000	0.000000	0.000000
0.000000	0.000000	0.000000	0.000000
0.000000	0.000000	0.000000	0.000000
0.000000	0.000000	0.000000	0.000000
0.000000	0.000000	0.000000	0.000000
0.000000	0.000000	0.000000	0.000000
0.000000	0.000000	0.000000	0.000000
0.000000	0.000000	0.000000	0.000000
0.000000	0.000000	0.000000	0.000000
0.000000	0.000000	0.000000	0.000000
0.000000	0.000000	0.000000	0.000000
0.000000	0.000000	0.000000	0.000000
0.000000	0.000000	0.000000	0.000000
0.000000	0.000000	0.000000	0.000000
0.000000	0.000000	0.000000	0.000000
0.000000	0.000000	0.000000	0.000000
0.000000	0.000000	0.000000	0.000000
0.000000	0.000000	0.000000	0.000000
0.000000	0.000000	0.000000	0.000000
0.000000	0.000000	0.000000	0.000000
0.000000	0.000000	0.000000	0.000000
0.000000	0.000000	0.000000	0.000000
0.000000	0.000000	0.000000	0.000000
0.000000	0.000000	0.000000	0.000000
0.000000	0.000000	0.000000	0.000000
0.000000	0.000000	0.000000	0.000000
0.000000	0.000000	0.000000	0.000000
0.000000	0.000000	0.000000	0.000000
0.000000	0.000000	0.000000	0.000000
0.000000	0.000000	0.000000	0.000000
0.000000	0.000000	0.000000	0.000000
0.000000	0.000000	0.000000	0.000000
0.000000	0.000000	0.000000	0.000000
0.000000	0.000000	0.000000	0.000000
0.000000	0.000000	0.000000	0.000000
0.000000	0.000000	0.000000	0.000000
0.000000	0.000000	0.000000	0.000000
0.000000	0.000000	0.000000	0.000000
0.000000	0.000000	0.000000	0.000000
0.000000	0.000000	0.000000	0.000000
0.000000	0.000000	0.000000	0.000000
0.000000	0.000000	0.000000	0.000000
0.000000	0.000000	0.000000	0.000000
0.000000	0.000000	0.000000	0.000000
0.000000	0.000000	0.000000	0.000000
0.000000	0.000000	0.000000	0.000000
0.000000	0.000000	0.000000	0.000000
0.000000	0.000000	0.000000	0.000000
0.000000	0.000000	0.000000	0.000000
0.000000	0.000000	0.000000	0.000000
0.000000	0.000000	0.000000	0.000000
0.000000	0.000000	0.000000	0.000000
0.000000	0.000000	0.000000	0.000000
0.000000	0.000000	0.000000	0.000000
0.000000	0.000000	0.000000	0.000000
0.000000	0.000000	0.000000	0.000000
0.000000	0.000000	0.000000	0.000000
0.000000	0.000000	0.000000	0.000000
0.000000	0.000000	0.000000	0.000000
0.000000	0.000000	0.000000	0.000000
0.000000	0.000000	0.000000	0.000000
0.000000	0.000000	0.000000	0.000000
0.000000	0.000000	0.000000	0.000000
0.000000	0.000000	0.000000	0.000000
0.000000	0.000000	0.000000	0.000000
0.000000	0.000000	0.000000	0.000000
0.000000	0.000000	0.000000	0.000000
0.000000	0.000000	0.000000	0.000000
0.000000	0.000000	0.000000	0.000000
0.000000	0.000000	0.000000	0.000000
0.000000	0.000000	0.000000	0.000000
0.000000	0.000000	0.000000	0.000000
0.000000	0.000000	0.000000	0.000000
0.000000	0.000000	0.000000	0.000000
0.000000	0.000000	0.000000	0.000000
0.000000	0.000000	0.000000	0.000000
0.000000	0.000000	0.000000	0.000000
0.000000	0.000000	0.000000	0.000000
0.000000	0.000000	0.000000	0.000000
0.000000	0.000000	0.000000	0.000000
0.000000	0.000000	0.000000	0.000000
0.000000	0.000000	0.000000	0.000000
0.000000	0.000000	0.000000	0.000000
0.000000	0.000000	0.000000	0.000000
0.000000	0.000000	0.000000	0.000000
0.000000	0.000000	0.000000	0.000000
0.000000	0.000000	0.000000	0.000000
0.000000	0.000000	0.000000	0.000000
0.000000	0.000000	0.000000	0.000000
0.000000	0.000000	0.000000	0.000000
0.000000	0.000000	0.000000	0.000000
0.000000	0.000000	0.000000	0.000000
0.000000	0.000000	0.000000	0.000000
0.000000	0.000000	0.000000	0.000000
0.000000	0.000000	0.000000	0.000000
0.000000	0.000000	0.000000	0.000000
0.000000	0.000000	0.000000	0.000000
0.000000	0.000000	0.000000	0.000000
0.000000	0.000000	0.000000	0.000000
0.000000	0.000000	0.000000	0.000000
0.000000	0.000000	0.000000	0.000000
0.000000	0.000000	0.000000	0.000000
0.000000	0.000000	0.000000	0.000000
0.000000	0.000000	0.000000	0.000000
0.000000	0.000000	0.000000	0.000000
0.000000	0.000000	0.000000	0.000000
0.000000	0.000000	0.000000	0.000000
0.000000	0.000000	0.000000	0.000000
0.000000	0.000000	0.000000	0.000000
0.000000	0.000000	0.000000	0.000000
0.000000	0.000000	0.000000	0.000000
0.000000	0.000000	0.000000	0.000000
0.000000	0.000000	0.000000	0.000000
0.000000	0.000000	0.000000	0.000000
0.000000	0.000000	0.000000	0.000000
0.000000	0.000000	0.000000	0.000000
0.000000	0.000000	0.000000	0.000000
0.000000	0.000000	0.000000	0.000000
0.000000	0.000000	0.000000	0.000000
0.000000	0.000000	0.000000	0.000000
0.000000	0.000000	0.000000	0.000000
0.000000	0.000000	0.000000	0.000000
0.000000	0.000000	0.000000	0.000000
0.000000	0.000000	0.000000	0.000000
0.000000	0.000000	0.000000	0.000000
0.000000	0.000000	0.000000	0.000000
0.000000	0.000000	0.000000	0.000000
0.000000	0.000000	0.000000	0.000000
0.000000	0.000000	0.000000	0.000000
0.000000	0.000000	0.000000	0.000000
0.000000	0.000000	0.000000	0.000000
0.000000	0.000000	0.000000	0.000000
0.000000	0.000000	0.000000	0.000000
0.000000	0.000000	0.000000	0.000000
0.000000	0.000000	0.000000	0.000000
0.000000	0.000000	0.000000	0.000000
0.000000	0.000000	0.000000	0.000000
0.000000	0.000000	0.000000	0.000000
0.000000	0.000000	0.000000	0.000000
0.000000	0.000000	0.000000	0.000000
0.000000	0.000000	0.000000	0.000000
0.000000	0.000000	0.000000	0.000000
0.000000	0.000000	0.000000	0.000000
0.000000	0.000000	0.000000	0.000000
0.000000	0.000000	0.000000	0.000000
0.000000	0.000000	0.000000	0.000000
0.000000	0.000000	0.000000	0.000000
0.000000	0.000000	0.000000	0.000000
0.000000	0.000000	0.000000	0.000000
0.000000	0.000000	0.000000	0.000000
0.000000	0.000000	0.000000	0.000000
0.000000	0.000000	0.000000	0.000000
0.000000	0.000000	0.000000	0.000000
0.000000	0.000000	0.000000	0.000000
0.000000	0.000000	0.000000	0.000000
0.000000	0.000000	0.000000	0.000000
0.000000	0.000000	0.000000	0.000000
0.000000	0.000000	0.000000	0.000000
0.000000	0.000000	0.000000	0.000000
0.000000	0.000000	0.000000	0.000000
0.000000	0.000000	0.000000	0.000000
0.000000	0.000000	0.000000	0.000000
0.000000	0.000000	0.000000	0.000000
0.000000	0.000000	0.000000	0.000000
0.000000	0.000000	0.000000	0.000000
0.000000	0.000000	0.000000	0.000000
0.000000	0.000000	0.000000	0.000000
0.000000	0.000000	0.000000	0.000000
0.000000	0.000000	0.000000	0.000000
0.000000	0.000000	0.000000	0.000000
