P	I	D	OffsetCorrenteCH1	OffsetCorrenteCH2	MaxCH1	MaxCH2	TipoPID	LadoControlado	Referencia	Modo	Frequencia	Duracao
0,400000	0,200000	0,000000	4,000000	6,000000	22,000000	18,000000	1,000000	0,000000	1,000000	1,000000	50,000000	400,000000
GonioD	GonioE	AngAlvo	ErroAng	dtAmost	AmpCH1	AmpCH2	dtSum	SaidaD	SaidaI	SaidaP	AngFBK
0,108961	-1,214790	0,000000	1,214790	20,350000	0,000000	0,000000	2437673,949999	0,002035	0,004944	0,485916	0,000000
0,108961	-1,214790	0,000000	1,214790	19,950000	0,000000	0,000000	2437693,899999	0,001995	0,004847	0,485916	0,000000
0,108961	-1,214790	0,000000	1,214790	19,900000	0,000000	0,000000	2437713,799999	0,001990	0,004835	0,485916	0,000000
0,108961	-1,214790	0,000000	1,214790	22,050000	0,000000	0,000000	2437735,849999	0,002205	0,005357	0,485916	0,000000
0,108961	-1,214790	0,000000	1,214790	18,100000	0,000000	0,000000	2437753,949999	0,001810	0,004398	0,485916	0,000000
0,108961	-1,214790	0,000000	1,214790	20,400000	0,000000	0,000000	2437774,349999	0,002040	0,004956	0,485916	0,000000
0,108961	-1,214790	0,000000	1,214790	19,600000	0,000000	0,000000	2437793,949999	0,001960	0,004762	0,485916	0,000000
0,108961	-1,214790	0,000000	1,214790	19,900000	0,000000	0,000000	2437813,849999	0,001990	0,004835	0,485916	0,000000
0,108961	-1,316022	0,000000	1,316022	19,900000	0,000000	0,000000	2437833,749999	0,001990	0,005036	0,526409	0,000000
0,108961	-1,214790	0,000000	1,214790	19,900000	0,000000	0,000000	2437853,649999	0,001990	0,005036	0,485916	0,000000
0,108961	-1,214790	0,000000	1,214790	20,700000	0,000000	0,000000	2437874,349999	0,002070	0,005029	0,485916	0,000000
0,108961	-1,316022	0,000000	1,316022	19,600000	0,000000	0,000000	2437893,949999	0,001960	0,004960	0,526409	0,000000
0,108961	-1,214790	0,000000	1,214790	19,850000	0,000000	0,000000	2437913,799999	0,001985	0,005024	0,485916	0,000000
0,108961	-1,214790	0,000000	1,214790	19,950000	0,000000	0,000000	2437933,749999	0,001995	0,004847	0,485916	0,000000
0,108961	-1,316022	0,000000	1,316022	19,900000	0,000000	0,000000	2437953,649999	0,001990	0,005036	0,526409	0,000000
0,108961	-1,214790	0,000000	1,214790	19,950000	0,000000	0,000000	2437973,599999	0,001995	0,005049	0,485916	0,000000
0,108961	-1,214790	0,000000	1,214790	20,300000	0,000000	0,000000	2437993,899999	0,002030	0,004932	0,485916	0,000000
0,108961	-1,214790	0,000000	1,214790	19,900000	0,000000	0,000000	2438013,799999	0,001990	0,004835	0,485916	0,000000
0,108961	-1,214790	0,000000	1,214790	19,900000	0,000000	0,000000	2438033,699999	0,001990	0,004835	0,485916	0,000000
0,108961	-1,214790	0,000000	1,214790	19,850000	0,000000	0,000000	2438053,549999	0,001985	0,004823	0,485916	0,000000
0,108961	-1,214790	0,000000	1,214790	20,400000	0,000000	0,000000	2438073,949999	0,002040	0,004956	0,485916	0,000000
0,108961	-1,214790	0,000000	1,214790	19,900000	0,000000	0,000000	2438093,849999	0,001990	0,004835	0,485916	0,000000
0,108961	-1,214790	0,000000	1,214790	19,850000	0,000000	0,000000	2438113,699999	0,001985	0,004823	0,485916	0,000000
0,108961	-1,214790	0,000000	1,214790	19,950000	0,000000	0,000000	2438133,649999	0,001995	0,004847	0,485916	0,000000
0,108961	-1,214790	0,000000	1,214790	19,950000	0,000000	0,000000	2438153,599999	0,001995	0,004847	0,485916	0,000000
0,108961	-1,214790	0,000000	1,214790	20,350000	0,000000	0,000000	2438173,949999	0,002035	0,004944	0,485916	0,000000
0,108961	-1,164173	0,000000	1,164173	20,650000	0,000000	0,000000	2438194,599999	0,002065	0,004913	0,465669	0,000000
0,108961	-1,113557	0,000000	1,113557	19,100000	0,000000	0,000000	2438213,699999	0,001910	0,004350	0,445423	0,000000
0,108961	-1,012325	0,000000	1,012325	19,900000	0,000000	0,000000	2438233,599999	0,001990	0,004231	0,404930	0,000000
0,108961	-1,012325	0,000000	1,012325	20,000000	0,000000	0,000000	2438253,599999	0,002000	0,004049	0,404930	0,000000
0,108961	-1,012325	0,000000	1,012325	20,400000	0,000000	0,000000	2438273,999999	0,002040	0,004130	0,404930	0,000000
0,108961	-1,012325	0,000000	1,012325	19,900000	0,000000	0,000000	2438293,899999	0,001990	0,004029	0,404930	0,000000
0,108961	-1,012325	0,000000	1,012325	19,900000	0,000000	0,000000	2438313,799999	0,001990	0,004029	0,404930	0,000000
0,108961	-1,012325	0,000000	1,012325	19,900000	0,000000	0,000000	2438333,699999	0,001990	0,004029	0,404930	0,000000
0,108961	-1,012325	0,000000	1,012325	20,300000	0,000000	0,000000	2438353,999999	0,002030	0,004110	0,404930	0,000000
0,108961	-1,012325	0,000000	1,012325	19,850000	0,000000	0,000000	2438373,849999	0,001985	0,004019	0,404930	0,000000
0,108961	-1,012325	0,000000	1,012325	19,900000	0,000000	0,000000	2438393,749999	0,001990	0,004029	0,404930	0,000000
0,108961	-1,113557	0,000000	1,113557	20,300000	0,000000	0,000000	2438414,049999	0,002030	0,004316	0,445423	0,000000
0,108961	-1,113557	0,000000	1,113557	19,850000	0,000000	0,000000	2438433,899999	0,001985	0,004421	0,445423	0,000000
0,108961	-1,113557	0,000000	1,113557	19,900000	0,000000	0,000000	2438453,799999	0,001990	0,004432	0,445423	0,000000
0,108961	-1,113557	0,000000	1,113557	19,900000	0,000000	0,000000	2438473,699999	0,001990	0,004432	0,445423	0,000000
0,108961	-1,113557	0,000000	1,113557	20,300000	0,000000	0,000000	2438493,999999	0,002030	0,004521	0,445423	0,000000
0,108961	-1,113557	0,000000	1,113557	19,850000	0,000000	0,000000	2438513,849999	0,001985	0,004421	0,445423	0,000000
0,108961	-1,113557	0,000000	1,113557	19,900000	0,000000	0,000000	2438533,749999	0,001990	0,004432	0,445423	0,000000
0,108961	-1,113557	0,000000	1,113557	19,900000	0,000000	0,000000	2438553,649999	0,001990	0,004432	0,445423	0,000000
0,108961	-1,113557	0,000000	1,113557	20,300000	0,000000	0,000000	2438573,949999	0,002030	0,004521	0,445423	0,000000
0,108961	-1,113557	0,000000	1,113557	19,900000	0,000000	0,000000	2438593,849999	0,001990	0,004432	0,445423	0,000000
0,108961	-1,113557	0,000000	1,113557	19,850000	0,000000	0,000000	2438613,699999	0,001985	0,004421	0,445423	0,000000
0,108961	-1,113557	0,000000	1,113557	20,300000	0,000000	0,000000	2438633,999999	0,002030	0,004521	0,445423	0,000000
0,108961	-1,113557	0,000000	1,113557	20,700000	0,000000	0,000000	2438654,699999	0,002070	0,004610	0,445423	0,000000
0,108961	-1,214790	0,000000	1,214790	22,300000	0,000000	0,000000	2438676,999999	0,002230	0,005192	0,485916	0,000000
0,108961	-1,113557	0,000000	1,113557	17,500000	0,000000	0,000000	2438694,499999	0,001750	0,004075	0,445423	0,000000
0,108961	-1,214790	0,000000	1,214790	19,550000	0,000000	0,000000	2438714,049999	0,001955	0,004552	0,485916	0,000000
0,108961	-1,113557	0,000000	1,113557	19,900000	0,000000	0,000000	2438733,949999	0,001990	0,004633	0,445423	0,000000
0,108961	-1,214790	0,000000	1,214790	20,300000	0,000000	0,000000	2438754,249999	0,002030	0,004727	0,485916	0,000000
0,108961	-1,214790	0,000000	1,214790	19,850000	0,000000	0,000000	2438774,099999	0,001985	0,004823	0,485916	0,000000
0,108961	-1,214790	0,000000	1,214790	19,850000	0,000000	0,000000	2438793,949999	0,001985	0,004823	0,485916	0,000000
0,108961	-1,113557	0,000000	1,113557	19,900000	0,000000	0,000000	2438813,849999	0,001990	0,004633	0,445423	0,000000
0,108961	-1,164173	0,000000	1,164173	19,950000	0,000000	0,000000	2438833,799999	0,001995	0,004544	0,465669	0,000000
0,108961	-1,113557	0,000000	1,113557	20,300000	0,000000	0,000000	2438854,099999	0,002030	0,004624	0,445423	0,000000
0,108961	-1,214790	0,000000	1,214790	19,950000	0,000000	0,000000	2438874,049999	0,001995	0,004645	0,485916	0,000000
0,108961	-1,214790	0,000000	1,214790	19,900000	0,000000	0,000000	2438893,949999	0,001990	0,004835	0,485916	0,000000
0,108961	-1,113557	0,000000	1,113557	19,900000	0,000000	0,000000	2438913,849999	0,001990	0,004633	0,445423	0,000000
0,108961	-1,113557	0,000000	1,113557	19,950000	0,000000	0,000000	2438933,799999	0,001995	0,004443	0,445423	0,000000
0,108961	-1,164173	0,000000	1,164173	20,300000	0,000000	0,000000	2438954,099999	0,002030	0,004624	0,465669	0,000000
0,108961	-1,113557	0,000000	1,113557	19,950000	0,000000	0,000000	2438974,049999	0,001995	0,004544	0,445423	0,000000
0,108961	-1,113557	0,000000	1,113557	19,900000	0,000000	0,000000	2438993,949999	0,001990	0,004432	0,445423	0,000000
0,108961	-1,113557	0,000000	1,113557	19,900000	0,000000	0,000000	2439013,849999	0,001990	0,004432	0,445423	0,000000
0,108961	-1,113557	0,000000	1,113557	19,950000	0,000000	0,000000	2439033,799999	0,001995	0,004443	0,445423	0,000000
0,108961	-1,113557	0,000000	1,113557	20,300000	0,000000	0,000000	2439054,099999	0,002030	0,004521	0,445423	0,000000
0,108961	-1,113557	0,000000	1,113557	19,850000	0,000000	0,000000	2439073,949999	0,001985	0,004421	0,445423	0,000000
0,108961	-1,113557	0,000000	1,113557	19,900000	0,000000	0,000000	2439093,849999	0,001990	0,004432	0,445423	0,000000
0,108961	-1,113557	0,000000	1,113557	22,050000	0,000000	0,000000	2439115,899999	0,002205	0,004911	0,445423	0,000000
0,108961	-1,012325	0,000000	1,012325	18,200000	0,000000	0,000000	2439134,099999	0,001820	0,003869	0,404930	0,000000
0,108961	-0,961708	0,000000	0,961708	19,900000	0,000000	0,000000	2439153,999999	0,001990	0,003928	0,384683	0,000000
0,108961	-0,961708	0,000000	0,961708	19,900000	0,000000	0,000000	2439173,899999	0,001990	0,003828	0,384683	0,000000
0,108961	-0,961708	0,000000	0,961708	20,350000	0,000000	0,000000	2439194,249999	0,002035	0,003914	0,384683	0,000000
0,108961	-1,012325	0,000000	1,012325	19,850000	0,000000	0,000000	2439214,099999	0,001985	0,003918	0,404930	0,000000
0,108961	-1,012325	0,000000	1,012325	19,900000	0,000000	0,000000	2439233,999999	0,001990	0,004029	0,404930	0,000000
0,108961	-0,911092	0,000000	0,911092	19,900000	0,000000	0,000000	2439253,899999	0,001990	0,003828	0,364437	0,000000
0,108961	-0,911092	0,000000	0,911092	19,900000	0,000000	0,000000	2439273,799999	0,001990	0,003626	0,364437	0,000000
0,108961	-0,911092	0,000000	0,911092	20,400000	0,000000	0,000000	2439294,199999	0,002040	0,003717	0,364437	0,000000
0,108961	-0,911092	0,000000	0,911092	19,850000	0,000000	0,000000	2439314,049999	0,001985	0,003617	0,364437	0,000000
0,108961	-1,012325	0,000000	1,012325	19,900000	0,000000	0,000000	2439333,949999	0,001990	0,003828	0,404930	0,000000
0,108961	-1,012325	0,000000	1,012325	19,900000	0,000000	0,000000	2439353,849999	0,001990	0,004029	0,404930	0,000000
0,108961	-1,113557	0,000000	1,113557	20,300000	0,000000	0,000000	2439374,149999	0,002030	0,004316	0,445423	0,000000
0,108961	-1,113557	0,000000	1,113557	19,850000	0,000000	0,000000	2439393,999999	0,001985	0,004421	0,445423	0,000000
0,108961	-1,113557	0,000000	1,113557	19,900000	0,000000	0,000000	2439413,899999	0,001990	0,004432	0,445423	0,000000
0,108961	-1,113557	0,000000	1,113557	19,900000	0,000000	0,000000	2439433,799999	0,001990	0,004432	0,445423	0,000000
0,108961	-1,113557	0,000000	1,113557	20,350000	0,000000	0,000000	2439454,149999	0,002035	0,004532	0,445423	0,000000
0,108961	-1,113557	0,000000	1,113557	19,900000	0,000000	0,000000	2439474,049999	0,001990	0,004432	0,445423	0,000000
0,108961	-1,113557	0,000000	1,113557	19,950000	0,000000	0,000000	2439493,999999	0,001995	0,004443	0,445423	0,000000
0,108961	-1,113557	0,000000	1,113557	20,300000	0,000000	0,000000	2439514,299999	0,002030	0,004521	0,445423	0,000000
0,108961	-1,113557	0,000000	1,113557	19,850000	0,000000	0,000000	2439534,149999	0,001985	0,004421	0,445423	0,000000
0,108961	-1,113557	0,000000	1,113557	19,900000	0,000000	0,000000	2439554,049999	0,001990	0,004432	0,445423	0,000000
0,108961	-1,113557	0,000000	1,113557	19,900000	0,000000	0,000000	2439573,949999	0,001990	0,004432	0,445423	0,000000
0,108961	-1,113557	0,000000	1,113557	19,950000	0,000000	0,000000	2439593,899999	0,001995	0,004443	0,445423	0,000000
0,108961	-1,113557	0,000000	1,113557	19,950000	0,000000	0,000000	2439613,849999	0,001995	0,004443	0,445423	0,000000
0,108961	-1,113557	0,000000	1,113557	20,450000	0,000000	0,000000	2439634,299999	0,002045	0,004554	0,445423	0,000000
0,108961	-1,113557	0,000000	1,113557	19,800000	0,000000	0,000000	2439654,099999	0,001980	0,004410	0,445423	0,000000
0,108961	-1,113557	0,000000	1,113557	19,900000	0,000000	0,000000	2439673,999999	0,001990	0,004432	0,445423	0,000000
0,108961	-1,113557	0,000000	1,113557	19,900000	0,000000	0,000000	2439693,899999	0,001990	0,004432	0,445423	0,000000
0,108961	-1,113557	0,000000	1,113557	20,350000	0,000000	0,000000	2439714,249999	0,002035	0,004532	0,445423	0,000000
0,108961	-1,113557	0,000000	1,113557	19,900000	0,000000	0,000000	2439734,149999	0,001990	0,004432	0,445423	0,000000
0,108961	-1,113557	0,000000	1,113557	19,950000	0,000000	0,000000	2439754,099999	0,001995	0,004443	0,445423	0,000000
0,108961	-1,113557	0,000000	1,113557	19,900000	0,000000	0,000000	2439773,999999	0,001990	0,004432	0,445423	0,000000
0,108961	-1,113557	0,000000	1,113557	19,900000	0,000000	0,000000	2439793,899999	0,001990	0,004432	0,445423	0,000000
0,108961	-1,113557	0,000000	1,113557	20,350000	0,000000	0,000000	2439814,249999	0,002035	0,004532	0,445423	0,000000
0,108961	-1,113557	0,000000	1,113557	19,900000	0,000000	0,000000	2439834,149999	0,001990	0,004432	0,445423	0,000000
0,108961	-1,113557	0,000000	1,113557	19,950000	0,000000	0,000000	2439854,099999	0,001995	0,004443	0,445423	0,000000
0,108961	-1,113557	0,000000	1,113557	19,900000	0,000000	0,000000	2439873,999999	0,001990	0,004432	0,445423	0,000000
0,108961	-1,113557	0,000000	1,113557	19,900000	0,000000	0,000000	2439893,899999	0,001990	0,004432	0,445423	0,000000
0,108961	-1,113557	0,000000	1,113557	20,400000	0,000000	0,000000	2439914,299999	0,002040	0,004543	0,445423	0,000000
0,108961	-1,113557	0,000000	1,113557	20,550000	0,000000	0,000000	2439934,849999	0,002055	0,004577	0,445423	0,000000
0,108961	-1,214790	0,000000	1,214790	19,100000	0,000000	0,000000	2439953,949999	0,001910	0,004447	0,485916	0,000000
0,108961	-1,214790	0,000000	1,214790	19,900000	0,000000	0,000000	2439973,849999	0,001990	0,004835	0,485916	0,000000
0,108961	-1,113557	0,000000	1,113557	20,400000	0,000000	0,000000	2439994,249999	0,002040	0,004750	0,445423	0,000000
0,108961	-1,113557	0,000000	1,113557	19,900000	0,000000	0,000000	2440014,149999	0,001990	0,004432	0,445423	0,000000
0,108961	-1,113557	0,000000	1,113557	19,900000	0,000000	0,000000	2440034,049999	0,001990	0,004432	0,445423	0,000000
0,108961	-1,214790	0,000000	1,214790	19,900000	0,000000	0,000000	2440053,949999	0,001990	0,004633	0,485916	0,000000
0,108961	-1,214790	0,000000	1,214790	20,300000	0,000000	0,000000	2440074,249999	0,002030	0,004932	0,485916	0,000000
0,108961	-1,113557	0,000000	1,113557	19,900000	0,000000	0,000000	2440094,149999	0,001990	0,004633	0,445423	0,000000
0,108961	-1,214790	0,000000	1,214790	19,900000	0,000000	0,000000	2440114,049999	0,001990	0,004633	0,485916	0,000000
0,108961	-1,214790	0,000000	1,214790	19,950000	0,000000	0,000000	2440133,999999	0,001995	0,004847	0,485916	0,000000
0,108961	-1,164173	0,000000	1,164173	20,300000	0,000000	0,000000	2440154,299999	0,002030	0,004829	0,465669	0,000000
0,108961	-1,214790	0,000000	1,214790	19,900000	0,000000	0,000000	2440174,199999	0,001990	0,004734	0,485916	0,000000
0,108961	-1,214790	0,000000	1,214790	19,900000	0,000000	0,000000	2440194,099999	0,001990	0,004835	0,485916	0,000000
0,108961	-1,214790	0,000000	1,214790	19,900000	0,000000	0,000000	2440213,999999	0,001990	0,004835	0,485916	0,000000
0,108961	-1,214790	0,000000	1,214790	20,350000	0,000000	0,000000	2440234,349999	0,002035	0,004944	0,485916	0,000000
0,108961	-1,214790	0,000000	1,214790	19,850000	0,000000	0,000000	2440254,199999	0,001985	0,004823	0,485916	0,000000
0,108961	-1,214790	0,000000	1,214790	19,950000	0,000000	0,000000	2440274,149999	0,001995	0,004847	0,485916	0,000000
0,108961	-1,214790	0,000000	1,214790	19,900000	0,000000	0,000000	2440294,049999	0,001990	0,004835	0,485916	0,000000
0,108961	-1,113557	0,000000	1,113557	20,350000	0,000000	0,000000	2440314,399999	0,002035	0,004738	0,445423	0,000000
0,108961	-1,214790	0,000000	1,214790	19,800000	0,000000	0,000000	2440334,199999	0,001980	0,004610	0,485916	0,000000
0,108961	-1,214790	0,000000	1,214790	19,850000	0,000000	0,000000	2440354,049999	0,001985	0,004823	0,485916	0,000000
0,108961	-1,214790	0,000000	1,214790	19,950000	0,000000	0,000000	2440373,999999	0,001995	0,004847	0,485916	0,000000
0,108961	-1,214790	0,000000	1,214790	19,950000	0,000000	0,000000	2440393,949999	0,001995	0,004847	0,485916	0,000000
0,108961	-1,214790	0,000000	1,214790	20,350000	0,000000	0,000000	2440414,299999	0,002035	0,004944	0,485916	0,000000
0,108961	-1,214790	0,000000	1,214790	19,950000	0,000000	0,000000	2440434,249999	0,001995	0,004847	0,485916	0,000000
0,108961	-1,214790	0,000000	1,214790	19,850000	0,000000	0,000000	2440454,099999	0,001985	0,004823	0,485916	0,000000
0,108961	-1,214790	0,000000	1,214790	19,950000	0,000000	0,000000	2440474,049999	0,001995	0,004847	0,485916	0,000000
0,108961	-1,214790	0,000000	1,214790	22,050000	0,000000	0,000000	2440496,099999	0,002205	0,005357	0,485916	0,000000
0,108961	-1,214790	0,000000	1,214790	18,200000	0,000000	0,000000	2440514,299999	0,001820	0,004422	0,485916	0,000000
0,108961	-1,214790	0,000000	1,214790	19,900000	0,000000	0,000000	2440534,199999	0,001990	0,004835	0,485916	0,000000
0,108961	-1,214790	0,000000	1,214790	19,900000	0,000000	0,000000	2440554,099999	0,001990	0,004835	0,485916	0,000000
0,108961	-1,214790	0,000000	1,214790	19,900000	0,000000	0,000000	2440573,999999	0,001990	0,004835	0,485916	0,000000
0,108961	-1,214790	0,000000	1,214790	20,350000	0,000000	0,000000	2440594,349999	0,002035	0,004944	0,485916	0,000000
0,108961	-1,214790	0,000000	1,214790	19,850000	0,000000	0,000000	2440614,199999	0,001985	0,004823	0,485916	0,000000
0,108961	-1,214790	0,000000	1,214790	19,950000	0,000000	0,000000	2440634,149999	0,001995	0,004847	0,485916	0,000000
0,108961	-1,214790	0,000000	1,214790	19,900000	0,000000	0,000000	2440654,049999	0,001990	0,004835	0,485916	0,000000
0,108961	-1,214790	0,000000	1,214790	20,300000	0,000000	0,000000	2440674,349999	0,002030	0,004932	0,485916	0,000000
0,108961	-1,214790	0,000000	1,214790	19,900000	0,000000	0,000000	2440694,249999	0,001990	0,004835	0,485916	0,000000
0,108961	-1,214790	0,000000	1,214790	19,950000	0,000000	0,000000	2440714,199999	0,001995	0,004847	0,485916	0,000000
0,108961	-1,214790	0,000000	1,214790	19,900000	0,000000	0,000000	2440734,099999	0,001990	0,004835	0,485916	0,000000
0,108961	-1,214790	0,000000	1,214790	19,950000	0,000000	0,000000	2440754,049999	0,001995	0,004847	0,485916	0,000000
0,108961	-1,316022	0,000000	1,316022	19,850000	0,000000	0,000000	2440773,899999	0,001985	0,005024	0,526409	0,000000
0,108961	-1,316022	0,000000	1,316022	20,400000	0,000000	0,000000	2440794,299999	0,002040	0,005369	0,526409	0,000000
0,108961	-1,316022	0,000000	1,316022	19,850000	0,000000	0,000000	2440814,149999	0,001985	0,005225	0,526409	0,000000
0,108961	-1,316022	0,000000	1,316022	19,900000	0,000000	0,000000	2440834,049999	0,001990	0,005238	0,526409	0,000000
0,108961	-1,316022	0,000000	1,316022	20,300000	0,000000	0,000000	2440854,349999	0,002030	0,005343	0,526409	0,000000
0,108961	-1,417254	0,000000	1,417254	19,950000	0,000000	0,000000	2440874,299999	0,001995	0,005453	0,566902	0,000000
0,108961	-1,417254	0,000000	1,417254	19,900000	0,000000	0,000000	2440894,199999	0,001990	0,005641	0,566902	0,000000
0,108961	-1,518487	0,000000	1,518487	19,900000	0,000000	0,000000	2440914,099999	0,001990	0,005842	0,607395	0,000000
0,108961	-1,619719	0,000000	1,619719	19,900000	0,000000	0,000000	2440933,999999	0,001990	0,006245	0,647888	0,000000
0,108961	-1,720952	0,000000	1,720952	20,300000	0,000000	0,000000	2440954,299999	0,002030	0,006782	0,688381	0,000000
0,108961	-1,720952	0,000000	1,720952	19,900000	0,000000	0,000000	2440974,199999	0,001990	0,006849	0,688381	0,000000
0,108961	-1,720952	0,000000	1,720952	19,950000	0,000000	0,000000	2440994,149999	0,001995	0,006867	0,688381	0,000000
0,108961	-1,720952	0,000000	1,720952	19,900000	0,000000	0,000000	2441014,049999	0,001990	0,006849	0,688381	0,000000
0,108961	-1,822184	0,000000	1,822184	20,300000	0,000000	0,000000	2441034,349999	0,002030	0,007193	0,728874	0,000000
0,108961	-1,923417	0,000000	1,923417	19,900000	0,000000	0,000000	2441054,249999	0,001990	0,007454	0,769367	0,000000
0,108961	-1,923417	0,000000	1,923417	19,900000	0,000000	0,000000	2441074,149999	0,001990	0,007655	0,769367	0,000000
0,108961	-2,024649	0,000000	2,024649	19,950000	0,000000	0,000000	2441094,099999	0,001995	0,007876	0,809860	0,000000
0,108961	-2,024649	0,000000	2,024649	20,300000	0,000000	0,000000	2441114,399999	0,002030	0,008220	0,809860	0,000000
0,108961	-2,024649	0,000000	2,024649	19,850000	0,000000	0,000000	2441134,249999	0,001985	0,008038	0,809860	0,000000
0,108961	-2,125882	0,000000	2,125882	19,850000	0,000000	0,000000	2441154,099999	0,001985	0,008239	0,850353	0,000000
0,108961	-2,125882	0,000000	2,125882	20,300000	0,000000	0,000000	2441174,399999	0,002030	0,008631	0,850353	0,000000
0,108961	-2,024649	0,000000	2,024649	19,900000	0,000000	0,000000	2441194,299999	0,001990	0,008260	0,809860	0,000000
0,108961	-2,024649	0,000000	2,024649	20,750000	0,000000	0,000000	2441215,049999	0,002075	0,008402	0,809860	0,000000
0,108961	-2,125882	0,000000	2,125882	19,100000	0,000000	0,000000	2441234,149999	0,001910	0,007928	0,850353	0,000000
0,108961	-2,125882	0,000000	2,125882	19,900000	0,000000	0,000000	2441254,049999	0,001990	0,008461	0,850353	0,000000
0,108961	-2,125882	0,000000	2,125882	19,900000	0,000000	0,000000	2441273,949999	0,001990	0,008461	0,850353	0,000000
0,108961	-2,075266	0,000000	2,075266	20,350000	0,000000	0,000000	2441294,299999	0,002035	0,008549	0,830106	0,000000
0,108961	-2,024649	0,000000	2,024649	19,900000	0,000000	0,000000	2441314,199999	0,001990	0,008159	0,809860	0,000000
0,108961	-2,024649	0,000000	2,024649	19,900000	0,000000	0,000000	2441334,099999	0,001990	0,008058	0,809860	0,000000
0,108961	-2,024649	0,000000	2,024649	19,950000	0,000000	0,000000	2441354,049999	0,001995	0,008078	0,809860	0,000000
0,108961	-2,024649	0,000000	2,024649	20,300000	0,000000	0,000000	2441374,349999	0,002030	0,008220	0,809860	0,000000
0,108961	-2,024649	0,000000	2,024649	19,900000	0,000000	0,000000	2441394,249999	0,001990	0,008058	0,809860	0,000000
0,108961	-2,024649	0,000000	2,024649	19,900000	0,000000	0,000000	2441414,149999	0,001990	0,008058	0,809860	0,000000
0,108961	-2,024649	0,000000	2,024649	20,300000	0,000000	0,000000	2441434,449999	0,002030	0,008220	0,809860	0,000000
0,108961	-2,024649	0,000000	2,024649	19,900000	0,000000	0,000000	2441454,349999	0,001990	0,008058	0,809860	0,000000
0,108961	-1,923417	0,000000	1,923417	19,950000	0,000000	0,000000	2441474,299999	0,001995	0,007876	0,769367	0,000000
0,108961	-1,923417	0,000000	1,923417	19,900000	0,000000	0,000000	2441494,199999	0,001990	0,007655	0,769367	0,000000
0,108961	-1,923417	0,000000	1,923417	19,850000	0,000000	0,000000	2441514,049999	0,001985	0,007636	0,769367	0,000000
0,108961	-1,923417	0,000000	1,923417	20,300000	0,000000	0,000000	2441534,349999	0,002030	0,007809	0,769367	0,000000
0,108961	-1,923417	0,000000	1,923417	19,850000	0,000000	0,000000	2441554,199999	0,001985	0,007636	0,769367	0,000000
0,108961	-1,923417	0,000000	1,923417	21,100000	0,000000	0,000000	2441575,299999	0,002110	0,008117	0,769367	0,000000
0,108961	-1,923417	0,000000	1,923417	19,050000	0,000000	0,000000	2441594,349999	0,001905	0,007328	0,769367	0,000000
0,108961	-1,923417	0,000000	1,923417	19,850000	0,000000	0,000000	2441614,199999	0,001985	0,007636	0,769367	0,000000
0,108961	-1,923417	0,000000	1,923417	19,900000	0,000000	0,000000	2441634,099999	0,001990	0,007655	0,769367	0,000000
0,108961	-1,923417	0,000000	1,923417	20,300000	0,000000	0,000000	2441654,399999	0,002030	0,007809	0,769367	0,000000
0,108961	-1,822184	0,000000	1,822184	19,950000	0,000000	0,000000	2441674,349999	0,001995	0,007472	0,728874	0,000000
0,108961	-1,822184	0,000000	1,822184	19,900000	0,000000	0,000000	2441694,249999	0,001990	0,007252	0,728874	0,000000
0,108961	-1,822184	0,000000	1,822184	19,900000	0,000000	0,000000	2441714,149999	0,001990	0,007252	0,728874	0,000000
0,108961	-1,822184	0,000000	1,822184	19,900000	0,000000	0,000000	2441734,049999	0,001990	0,007252	0,728874	0,000000
0,108961	-1,822184	0,000000	1,822184	20,350000	0,000000	0,000000	2441754,399999	0,002035	0,007416	0,728874	0,000000
0,108961	-1,822184	0,000000	1,822184	19,900000	0,000000	0,000000	2441774,299999	0,001990	0,007252	0,728874	0,000000
0,108961	-1,822184	0,000000	1,822184	19,900000	0,000000	0,000000	2441794,199999	0,001990	0,007252	0,728874	0,000000
0,108961	-1,822184	0,000000	1,822184	19,900000	0,000000	0,000000	2441814,099999	0,001990	0,007252	0,728874	0,000000
0,108961	-1,720952	0,000000	1,720952	20,300000	0,000000	0,000000	2441834,399999	0,002030	0,007193	0,688381	0,000000
0,108961	-1,720952	0,000000	1,720952	19,850000	0,000000	0,000000	2441854,249999	0,001985	0,006832	0,688381	0,000000
0,108961	-1,720952	0,000000	1,720952	19,900000	0,000000	0,000000	2441874,149999	0,001990	0,006849	0,688381	0,000000
0,108961	-1,720952	0,000000	1,720952	19,900000	0,000000	0,000000	2441894,049999	0,001990	0,006849	0,688381	0,000000
0,108961	-1,720952	0,000000	1,720952	20,300000	0,000000	0,000000	2441914,349999	0,002030	0,006987	0,688381	0,000000
0,108961	-1,720952	0,000000	1,720952	19,950000	0,000000	0,000000	2441934,299999	0,001995	0,006867	0,688381	0,000000
0,108961	-1,720952	0,000000	1,720952	19,900000	0,000000	0,000000	2441954,199999	0,001990	0,006849	0,688381	0,000000
0,108961	-1,720952	0,000000	1,720952	19,900000	0,000000	0,000000	2441974,099999	0,001990	0,006849	0,688381	0,000000
0,108961	-1,720952	0,000000	1,720952	20,300000	0,000000	0,000000	2441994,399999	0,002030	0,006987	0,688381	0,000000
0,108961	-1,720952	0,000000	1,720952	19,950000	0,000000	0,000000	2442014,349999	0,001995	0,006867	0,688381	0,000000
0,108961	-1,720952	0,000000	1,720952	19,900000	0,000000	0,000000	2442034,249999	0,001990	0,006849	0,688381	0,000000
0,108961	-1,619719	0,000000	1,619719	19,900000	0,000000	0,000000	2442054,149999	0,001990	0,006648	0,647888	0,000000
0,108961	-1,720952	0,000000	1,720952	20,300000	0,000000	0,000000	2442074,449999	0,002030	0,006782	0,688381	0,000000
0,108961	-1,720952	0,000000	1,720952	19,950000	0,000000	0,000000	2442094,399999	0,001995	0,006867	0,688381	0,000000
0,108961	-1,720952	0,000000	1,720952	19,900000	0,000000	0,000000	2442114,299999	0,001990	0,006849	0,688381	0,000000
0,108961	-1,720952	0,000000	1,720952	22,000000	0,000000	0,000000	2442136,299999	0,002200	0,007572	0,688381	0,000000
0,108961	-1,619719	0,000000	1,619719	18,100000	0,000000	0,000000	2442154,399999	0,001810	0,006047	0,647888	0,000000
0,108961	-1,720952	0,000000	1,720952	19,900000	0,000000	0,000000	2442174,299999	0,001990	0,006648	0,688381	0,000000
0,108961	-1,619719	0,000000	1,619719	19,900000	0,000000	0,000000	2442194,199999	0,001990	0,006648	0,647888	0,000000
0,108961	-1,619719	0,000000	1,619719	19,900000	0,000000	0,000000	2442214,099999	0,001990	0,006446	0,647888	0,000000
0,108961	-1,720952	0,000000	1,720952	20,300000	0,000000	0,000000	2442234,399999	0,002030	0,006782	0,688381	0,000000
0,108961	-1,720952	0,000000	1,720952	19,950000	0,000000	0,000000	2442254,349999	0,001995	0,006867	0,688381	0,000000
0,108961	-1,720952	0,000000	1,720952	19,900000	0,000000	0,000000	2442274,249999	0,001990	0,006849	0,688381	0,000000
0,108961	-1,720952	0,000000	1,720952	19,850000	0,000000	0,000000	2442294,099999	0,001985	0,006832	0,688381	0,000000
0,108961	-1,720952	0,000000	1,720952	20,300000	0,000000	0,000000	2442314,399999	0,002030	0,006987	0,688381	0,000000
0,108961	-1,720952	0,000000	1,720952	19,850000	0,000000	0,000000	2442334,249999	0,001985	0,006832	0,688381	0,000000
0,108961	-1,720952	0,000000	1,720952	19,900000	0,000000	0,000000	2442354,149999	0,001990	0,006849	0,688381	0,000000
0,108961	-1,822184	0,000000	1,822184	20,300000	0,000000	0,000000	2442374,449999	0,002030	0,007193	0,728874	0,000000
0,108961	-1,720952	0,000000	1,720952	19,900000	0,000000	0,000000	2442394,349999	0,001990	0,007051	0,688381	0,000000
0,108961	-1,720952	0,000000	1,720952	19,900000	0,000000	0,000000	2442414,249999	0,001990	0,006849	0,688381	0,000000
0,108961	-1,720952	0,000000	1,720952	19,900000	0,000000	0,000000	2442434,149999	0,001990	0,006849	0,688381	0,000000
0,108961	-1,720952	0,000000	1,720952	20,300000	0,000000	0,000000	2442454,449999	0,002030	0,006987	0,688381	0,000000
0,108961	-1,720952	0,000000	1,720952	19,950000	0,000000	0,000000	2442474,399999	0,001995	0,006867	0,688381	0,000000
0,108961	-1,720952	0,000000	1,720952	19,900000	0,000000	0,000000	2442494,299999	0,001990	0,006849	0,688381	0,000000
0,108961	-1,619719	0,000000	1,619719	19,850000	0,000000	0,000000	2442514,149999	0,001985	0,006631	0,647888	0,000000
0,108961	-1,619719	0,000000	1,619719	20,350000	0,000000	0,000000	2442534,499999	0,002035	0,006592	0,647888	0,000000
0,108961	-1,518487	0,000000	1,518487	19,900000	0,000000	0,000000	2442554,399999	0,001990	0,006245	0,607395	0,000000
0,108961	-1,417254	0,000000	1,417254	19,950000	0,000000	0,000000	2442574,349999	0,001995	0,005857	0,566902	0,000000
0,108961	-1,417254	0,000000	1,417254	22,000000	0,000000	0,000000	2442596,349999	0,002200	0,006236	0,566902	0,000000
0,000000	-1,417254	0,000000	1,417254	18,100000	0,000000	0,000000	2442614,449999	0,001810	0,005130	0,566902	0,000000
0,108961	-1,316022	0,000000	1,316022	19,900000	0,000000	0,000000	2442634,349999	0,001990	0,005439	0,526409	0,000000
0,108961	-1,417254	0,000000	1,417254	19,900000	0,000000	0,000000	2442654,249999	0,001990	0,005439	0,566902	0,000000
0,108961	-1,417254	0,000000	1,417254	19,900000	0,000000	0,000000	2442674,149999	0,001990	0,005641	0,566902	0,000000
0,108961	-1,417254	0,000000	1,417254	20,350000	0,000000	0,000000	2442694,499999	0,002035	0,005768	0,566902	0,000000
0,108961	-1,518487	0,000000	1,518487	19,900000	0,000000	0,000000	2442714,399999	0,001990	0,005842	0,607395	0,000000
0,108961	-1,518487	0,000000	1,518487	19,900000	0,000000	0,000000	2442734,299999	0,001990	0,006044	0,607395	0,000000
0,108961	-1,518487	0,000000	1,518487	19,900000	0,000000	0,000000	2442754,199999	0,001990	0,006044	0,607395	0,000000
0,108961	-1,518487	0,000000	1,518487	19,950000	0,000000	0,000000	2442774,149999	0,001995	0,006059	0,607395	0,000000
0,108961	-1,518487	0,000000	1,518487	19,950000	0,000000	0,000000	2442794,099999	0,001995	0,006059	0,607395	0,000000
0,108961	-1,619719	0,000000	1,619719	20,300000	0,000000	0,000000	2442814,399999	0,002030	0,006371	0,647888	0,000000
0,000000	-1,518487	0,000000	1,518487	19,950000	0,000000	0,000000	2442834,349999	0,001995	0,006261	0,607395	0,000000
0,108961	-1,518487	0,000000	1,518487	19,900000	0,000000	0,000000	2442854,249999	0,001990	0,006044	0,607395	0,000000
0,108961	-1,518487	0,000000	1,518487	19,850000	0,000000	0,000000	2442874,099999	0,001985	0,006028	0,607395	0,000000
0,108961	-1,518487	0,000000	1,518487	20,450000	0,000000	0,000000	2442894,549999	0,002045	0,006211	0,607395	0,000000
0,108961	-1,518487	0,000000	1,518487	19,850000	0,000000	0,000000	2442914,399999	0,001985	0,006028	0,607395	0,000000
0,108961	-1,417254	0,000000	1,417254	19,850000	0,000000	0,000000	2442934,249999	0,001985	0,005827	0,566902	0,000000
0,108961	-1,417254	0,000000	1,417254	20,000000	0,000000	0,000000	2442954,249999	0,002000	0,005669	0,566902	0,000000
0,108961	-1,467871	0,000000	1,467871	20,300000	0,000000	0,000000	2442974,549999	0,002030	0,005857	0,587148	0,000000
0,108961	-1,417254	0,000000	1,417254	19,850000	0,000000	0,000000	2442994,399999	0,001985	0,005727	0,566902	0,000000
0,108961	-1,417254	0,000000	1,417254	19,900000	0,000000	0,000000	2443014,299999	0,001990	0,005641	0,566902	0,000000
0,108961	-1,417254	0,000000	1,417254	20,300000	0,000000	0,000000	2443034,599999	0,002030	0,005754	0,566902	0,000000
0,054481	-1,417254	0,000000	1,417254	21,950000	0,000000	0,000000	2443056,549999	0,002195	0,006222	0,566902	0,000000
0,000000	-1,417254	0,000000	1,417254	18,000000	0,000000	0,000000	2443074,549999	0,001800	0,005102	0,566902	0,000000
0,108961	-1,417254	0,000000	1,417254	19,900000	0,000000	0,000000	2443094,449999	0,001990	0,005641	0,566902	0,000000
0,000000	-1,518487	0,000000	1,518487	19,850000	0,000000	0,000000	2443114,299999	0,001985	0,005827	0,607395	0,000000
0,108961	-1,417254	0,000000	1,417254	19,900000	0,000000	0,000000	2443134,199999	0,001990	0,005842	0,566902	0,000000
0,108961	-1,417254	0,000000	1,417254	20,300000	0,000000	0,000000	2443154,499999	0,002030	0,005754	0,566902	0,000000
0,054481	-1,417254	0,000000	1,417254	19,900000	0,000000	0,000000	2443174,399999	0,001990	0,005641	0,566902	0,000000
0,108961	-1,417254	0,000000	1,417254	19,900000	0,000000	0,000000	2443194,299999	0,001990	0,005641	0,566902	0,000000
0,108961	-1,417254	0,000000	1,417254	19,900000	0,000000	0,000000	2443214,199999	0,001990	0,005641	0,566902	0,000000
0,108961	-1,417254	0,000000	1,417254	20,300000	0,000000	0,000000	2443234,499999	0,002030	0,005754	0,566902	0,000000
0,108961	-1,417254	0,000000	1,417254	19,850000	0,000000	0,000000	2443254,349999	0,001985	0,005627	0,566902	0,000000
0,108961	-1,417254	0,000000	1,417254	19,850000	0,000000	0,000000	2443274,199999	0,001985	0,005627	0,566902	0,000000
0,108961	-1,417254	0,000000	1,417254	20,300000	0,000000	0,000000	2443294,499999	0,002030	0,005754	0,566902	0,000000
0,108961	-1,417254	0,000000	1,417254	19,900000	0,000000	0,000000	2443314,399999	0,001990	0,005641	0,566902	0,000000
0,108961	-1,417254	0,000000	1,417254	19,950000	0,000000	0,000000	2443334,349999	0,001995	0,005655	0,566902	0,000000
0,108961	-1,417254	0,000000	1,417254	19,900000	0,000000	0,000000	2443354,249999	0,001990	0,005641	0,566902	0,000000
0,108961	-1,417254	0,000000	1,417254	19,950000	0,000000	0,000000	2443374,199999	0,001995	0,005655	0,566902	0,000000
0,000000	-1,417254	0,000000	1,417254	20,300000	0,000000	0,000000	2443394,499999	0,002030	0,005754	0,566902	0,000000
0,000000	-1,417254	0,000000	1,417254	22,000000	0,000000	0,000000	2443416,499999	0,002200	0,006236	0,566902	0,000000
0,108961	-1,417254	0,000000	1,417254	18,000000	0,000000	0,000000	2443434,499999	0,001800	0,005102	0,566902	0,000000
0,108961	-1,417254	0,000000	1,417254	19,900000	0,000000	0,000000	2443454,399999	0,001990	0,005641	0,566902	0,000000
0,108961	-1,417254	0,000000	1,417254	19,850000	0,000000	0,000000	2443474,249999	0,001985	0,005627	0,566902	0,000000
0,108961	-1,417254	0,000000	1,417254	20,000000	0,000000	0,000000	2443494,249999	0,002000	0,005669	0,566902	0,000000
0,108961	-1,417254	0,000000	1,417254	20,300000	0,000000	0,000000	2443514,549999	0,002030	0,005754	0,566902	0,000000
0,108961	-1,417254	0,000000	1,417254	19,950000	0,000000	0,000000	2443534,499999	0,001995	0,005655	0,566902	0,000000
0,108961	-1,417254	0,000000	1,417254	19,900000	0,000000	0,000000	2443554,399999	0,001990	0,005641	0,566902	0,000000
0,108961	-1,417254	0,000000	1,417254	19,900000	0,000000	0,000000	2443574,299999	0,001990	0,005641	0,566902	0,000000
0,108961	-1,417254	0,000000	1,417254	20,300000	0,000000	0,000000	2443594,599999	0,002030	0,005754	0,566902	0,000000
0,108961	-1,417254	0,000000	1,417254	19,850000	0,000000	0,000000	2443614,449999	0,001985	0,005627	0,566902	0,000000
0,108961	-1,417254	0,000000	1,417254	19,900000	0,000000	0,000000	2443634,349999	0,001990	0,005641	0,566902	0,000000
0,108961	-1,417254	0,000000	1,417254	19,900000	0,000000	0,000000	2443654,249999	0,001990	0,005641	0,566902	0,000000
0,108961	-1,417254	0,000000	1,417254	19,950000	0,000000	0,000000	2443674,199999	0,001995	0,005655	0,566902	0,000000
0,108961	-1,417254	0,000000	1,417254	20,400000	0,000000	0,000000	2443694,599999	0,002040	0,005782	0,566902	0,000000
0,108961	-1,417254	0,000000	1,417254	19,900000	0,000000	0,000000	2443714,499999	0,001990	0,005641	0,566902	0,000000
0,000000	-1,467871	0,000000	1,467871	19,900000	0,000000	0,000000	2443734,399999	0,001990	0,005741	0,587148	0,000000
0,108961	-1,417254	0,000000	1,417254	19,900000	0,000000	0,000000	2443754,299999	0,001990	0,005741	0,566902	0,000000
0,108961	-1,417254	0,000000	1,417254	19,950000	0,000000	0,000000	2443774,249999	0,001995	0,005655	0,566902	0,000000
0,000000	-1,518487	0,000000	1,518487	20,350000	0,000000	0,000000	2443794,599999	0,002035	0,005974	0,607395	0,000000
0,054481	-1,467871	0,000000	1,467871	19,850000	0,000000	0,000000	2443814,449999	0,001985	0,005928	0,587148	0,000000
0,108961	-1,417254	0,000000	1,417254	19,850000	0,000000	0,000000	2443834,299999	0,001985	0,005727	0,566902	0,000000
0,108961	-1,518487	0,000000	1,518487	20,300000	0,000000	0,000000	2443854,599999	0,002030	0,005960	0,607395	0,000000
0,054481	-1,417254	0,000000	1,417254	22,000000	0,000000	0,000000	2443876,599999	0,002200	0,006459	0,566902	0,000000
0,108961	-1,417254	0,000000	1,417254	18,050000	0,000000	0,000000	2443894,649999	0,001805	0,005116	0,566902	0,000000
0,108961	-1,417254	0,000000	1,417254	19,900000	0,000000	0,000000	2443914,549999	0,001990	0,005641	0,566902	0,000000
0,108961	-1,417254	0,000000	1,417254	19,900000	0,000000	0,000000	2443934,449999	0,001990	0,005641	0,566902	0,000000
0,108961	-1,417254	0,000000	1,417254	19,900000	0,000000	0,000000	2443954,349999	0,001990	0,005641	0,566902	0,000000
0,000000	-1,417254	0,000000	1,417254	20,300000	0,000000	0,000000	2443974,649999	0,002030	0,005754	0,566902	0,000000
0,108961	-1,417254	0,000000	1,417254	19,850000	0,000000	0,000000	2443994,499999	0,001985	0,005627	0,566902	0,000000
0,108961	-1,417254	0,000000	1,417254	19,900000	0,000000	0,000000	2444014,399999	0,001990	0,005641	0,566902	0,000000
0,000000	-1,417254	0,000000	1,417254	19,900000	0,000000	0,000000	2444034,299999	0,001990	0,005641	0,566902	0,000000
0,108961	-1,518487	0,000000	1,518487	19,950000	0,000000	0,000000	2444054,249999	0,001995	0,005857	0,607395	0,000000
0,000000	-1,518487	0,000000	1,518487	20,350000	0,000000	0,000000	2444074,599999	0,002035	0,006180	0,607395	0,000000
0,000000	-1,619719	0,000000	1,619719	19,900000	0,000000	0,000000	2444094,499999	0,001990	0,006245	0,647888	0,000000
0,000000	-1,619719	0,000000	1,619719	19,950000	0,000000	0,000000	2444114,449999	0,001995	0,006463	0,647888	0,000000
0,108961	-1,619719	0,000000	1,619719	19,850000	0,000000	0,000000	2444134,299999	0,001985	0,006430	0,647888	0,000000
0,108961	-1,619719	0,000000	1,619719	20,350000	0,000000	0,000000	2444154,649999	0,002035	0,006592	0,647888	0,000000
0,108961	-1,619719	0,000000	1,619719	19,950000	0,000000	0,000000	2444174,599999	0,001995	0,006463	0,647888	0,000000
0,108961	-1,619719	0,000000	1,619719	19,900000	0,000000	0,000000	2444194,499999	0,001990	0,006446	0,647888	0,000000
0,000000	-1,619719	0,000000	1,619719	19,900000	0,000000	0,000000	2444214,399999	0,001990	0,006446	0,647888	0,000000
0,108961	-1,619719	0,000000	1,619719	22,050000	0,000000	0,000000	2444236,449999	0,002205	0,007143	0,647888	0,000000
0,000000	-1,619719	0,000000	1,619719	18,200000	0,000000	0,000000	2444254,649999	0,001820	0,005896	0,647888	0,000000
0,000000	-1,619719	0,000000	1,619719	19,900000	0,000000	0,000000	2444274,549999	0,001990	0,006446	0,647888	0,000000
0,108961	-1,619719	0,000000	1,619719	19,900000	0,000000	0,000000	2444294,449999	0,001990	0,006446	0,647888	0,000000
