P	I	D	OffsetCorrenteCH1	OffsetCorrenteCH2	MaxCH1	MaxCH2	TipoPID	LadoControlado	Referencia	Modo	Frequencia	Duracao
0,000000	1,000000	0,000000	12,000000	12,000000	24,000000	24,000000	1,000000	0,000000	0,000000	0,000000	50,000000	400,000000
GonioD	GonioE	AngAlvo	ErroAng	dtAmost	AmpCH1	AmpCH2	dtSum	SaidaD	SaidaI	SaidaP	AngFBK
0,000000	-0,101232	0,000000	0,101232	19,500000	0,000000	0,000000	47968,000000	0,000000	0,000000	0,000000	0,000000
0,000000	-0,101232	0,000000	0,101232	20,550000	0,000000	0,000000	47988,550000	0,000000	0,000000	0,000000	0,000000
0,000000	-0,101232	0,000000	0,101232	19,750000	0,000000	0,000000	48008,300000	0,000000	0,000000	0,000000	0,000000
0,000000	-0,101232	0,000000	0,101232	19,900000	0,000000	0,000000	48028,200000	0,000000	0,000000	0,000000	0,000000
0,000000	-0,101232	0,000000	0,101232	19,850000	0,000000	0,000000	48048,050000	0,000000	0,000000	0,000000	0,000000
0,000000	-0,101232	0,000000	0,101232	21,500000	0,000000	0,000000	48069,550000	0,000000	0,000000	0,000000	0,000000
0,000000	-0,101232	0,000000	0,101232	18,350000	0,000000	0,000000	48087,900000	0,000000	0,000000	0,000000	0,000000
-0,108961	-0,101232	-0,108961	-0,007729	20,650000	0,000000	0,000000	48108,550000	0,000000	0,000000	0,000000	0,000000
0,000000	-0,101232	0,000000	0,101232	19,600000	0,000000	0,000000	48128,150000	0,000000	0,000000	0,000000	0,000000
0,000000	-0,101232	0,000000	0,101232	19,500000	0,000000	0,000000	48147,650000	0,000000	0,000000	0,000000	0,000000
0,000000	-0,101232	0,000000	0,101232	20,450000	0,000000	0,000000	48168,100000	0,000000	0,000000	0,000000	0,000000
0,000000	-0,101232	0,000000	0,101232	19,550000	0,000000	0,000000	48187,650000	0,000000	0,000000	0,000000	0,000000
0,000000	-0,101232	0,000000	0,101232	20,650000	0,000000	0,000000	48208,300000	0,000000	0,000000	0,000000	0,000000
0,000000	-0,101232	0,000000	0,101232	19,950000	0,000000	0,000000	48228,250000	0,000000	0,000000	0,000000	0,000000
0,000000	-0,101232	0,000000	0,101232	19,900000	0,000000	0,000000	48248,150000	0,000000	0,000000	0,000000	0,000000
0,000000	-0,101232	0,000000	0,101232	19,700000	0,000000	0,000000	48267,850000	0,000000	0,000000	0,000000	0,000000
0,000000	-0,101232	0,000000	0,101232	20,450000	0,000000	0,000000	48288,300000	0,000000	0,000000	0,000000	0,000000
0,000000	-0,101232	0,000000	0,101232	19,650000	0,000000	0,000000	48307,950000	0,000000	0,000000	0,000000	0,000000
0,000000	-0,101232	0,000000	0,101232	27,500000	0,000000	0,000000	48335,450000	0,000000	0,000000	0,000000	0,000000
0,000000	0,000000	0,000000	0,000000	19,150000	0,000000	0,000000	48354,600000	0,000000	0,000000	0,000000	0,000000
0,000000	-0,101232	0,000000	0,101232	20,600000	0,000000	0,000000	48375,200000	0,000000	0,000000	0,000000	0,000000
0,000000	-0,101232	0,000000	0,101232	19,550000	0,000000	0,000000	48394,750000	0,000000	0,000000	0,000000	0,000000
0,000000	-0,101232	0,000000	0,101232	20,550000	0,000000	0,000000	48415,300000	0,000000	0,000000	0,000000	0,000000
0,000000	-0,101232	0,000000	0,101232	19,600000	0,000000	0,000000	48434,900000	0,000000	0,000000	0,000000	0,000000
0,000000	-0,101232	0,000000	0,101232	20,450000	0,000000	0,000000	48455,350000	0,000000	0,000000	0,000000	0,000000
-0,108961	-0,101232	-0,108961	-0,007729	19,700000	0,000000	0,000000	48475,050000	0,000000	0,000000	0,000000	0,000000
-0,054481	-0,101232	-0,054481	0,046752	25,250000	0,000000	0,000000	48500,300000	0,000000	0,000000	0,000000	0,000000
0,000000	-0,101232	0,000000	0,101232	19,700000	0,000000	0,000000	48520,000000	0,000000	0,000000	0,000000	0,000000
0,000000	-0,101232	0,000000	0,101232	30,300000	0,000000	0,000000	48550,300000	0,000000	0,000000	0,000000	0,000000
0,000000	-0,101232	0,000000	0,101232	20,300000	0,000000	0,000000	48570,600000	0,000000	0,000000	0,000000	0,000000
0,000000	-0,101232	0,000000	0,101232	19,500000	0,000000	0,000000	48590,100000	0,000000	0,000000	0,000000	0,000000
0,000000	-0,101232	0,000000	0,101232	20,450000	0,000000	0,000000	48610,550000	0,000000	0,000000	0,000000	0,000000
0,000000	0,000000	0,000000	0,000000	19,600000	0,000000	0,000000	48630,150000	0,000000	0,000000	0,000000	0,000000
0,000000	-0,101232	0,000000	0,101232	27,900000	0,000000	0,000000	48658,050000	0,000000	0,000000	0,000000	0,000000
0,000000	-0,101232	0,000000	0,101232	18,900000	0,000000	0,000000	48676,950000	0,000000	0,000000	0,000000	0,000000
0,000000	-0,101232	0,000000	0,101232	20,550000	0,000000	0,000000	48697,500000	0,000000	0,000000	0,000000	0,000000
0,000000	-0,101232	0,000000	0,101232	19,500000	0,000000	0,000000	48717,000000	0,000000	0,000000	0,000000	0,000000
0,000000	-0,101232	0,000000	0,101232	20,650000	0,000000	0,000000	48737,650000	0,000000	0,000000	0,000000	0,000000
0,000000	-0,101232	0,000000	0,101232	19,150000	0,000000	0,000000	48756,800000	0,000000	0,000000	0,000000	0,000000
0,000000	-0,101232	0,000000	0,101232	20,650000	0,000000	0,000000	48777,450000	0,000000	0,000000	0,000000	0,000000
0,000000	-0,101232	0,000000	0,101232	19,650000	0,000000	0,000000	48797,100000	0,000000	0,000000	0,000000	0,000000
0,000000	-0,050616	0,000000	0,050616	20,500000	0,000000	0,000000	48817,600000	0,000000	0,000000	0,000000	0,000000
0,000000	-0,101232	0,000000	0,101232	19,900000	0,000000	0,000000	48837,500000	0,000000	0,000000	0,000000	0,000000
0,000000	-0,101232	0,000000	0,101232	19,150000	0,000000	0,000000	48856,650000	0,000000	0,000000	0,000000	0,000000
0,000000	-0,101232	0,000000	0,101232	20,500000	0,000000	0,000000	48877,150000	0,000000	0,000000	0,000000	0,000000
0,000000	-0,101232	0,000000	0,101232	19,500000	0,000000	0,000000	48896,650000	0,000000	0,000000	0,000000	0,000000
0,000000	-0,101232	0,000000	0,101232	20,550000	0,000000	0,000000	48917,200000	0,000000	0,000000	0,000000	0,000000
0,000000	-0,101232	0,000000	0,101232	19,550000	0,000000	0,000000	48936,750000	0,000000	0,000000	0,000000	0,000000
-0,054481	-0,101232	-0,054481	0,046752	20,550000	0,000000	0,000000	48957,300000	0,000000	0,000000	0,000000	0,000000
0,000000	-0,101232	0,000000	0,101232	19,500000	0,000000	0,000000	48976,800000	0,000000	0,000000	0,000000	0,000000
0,000000	-0,101232	0,000000	0,101232	20,500000	0,000000	0,000000	48997,300000	0,000000	0,000000	0,000000	0,000000
0,000000	-0,101232	0,000000	0,101232	21,400000	0,000000	0,000000	49018,700000	0,000000	0,000000	0,000000	0,000000
0,000000	-0,101232	0,000000	0,101232	18,700000	0,000000	0,000000	49037,400000	0,000000	0,000000	0,000000	0,000000
0,000000	-0,050616	0,000000	0,050616	19,600000	0,000000	0,000000	49057,000000	0,000000	0,000000	0,000000	0,000000
0,000000	-0,101232	0,000000	0,101232	20,450000	0,000000	0,000000	49077,450000	0,000000	0,000000	0,000000	0,000000
0,000000	-0,101232	0,000000	0,101232	19,200000	0,000000	0,000000	49096,650000	0,000000	0,000000	0,000000	0,000000
0,000000	-0,101232	0,000000	0,101232	21,550000	0,000000	0,000000	49118,200000	0,000000	0,000000	0,000000	0,000000
0,000000	-0,101232	0,000000	0,101232	18,750000	0,000000	0,000000	49136,950000	0,000000	0,000000	0,000000	0,000000
0,000000	-0,101232	0,000000	0,101232	20,550000	0,000000	0,000000	49157,500000	0,000000	0,000000	0,000000	0,000000
-0,108961	-0,101232	-0,108961	-0,007729	19,600000	0,000000	0,000000	49177,100000	0,000000	0,000000	0,000000	0,000000
0,000000	-0,101232	0,000000	0,101232	20,550000	0,000000	0,000000	49197,650000	0,000000	0,000000	0,000000	0,000000
0,000000	-0,101232	0,000000	0,101232	19,050000	0,000000	0,000000	49216,700000	0,000000	0,000000	0,000000	0,000000
0,000000	-0,101232	0,000000	0,101232	20,750000	0,000000	0,000000	49237,450000	0,000000	0,000000	0,000000	0,000000
0,000000	-0,101232	0,000000	0,101232	19,600000	0,000000	0,000000	49257,050000	0,000000	0,000000	0,000000	0,000000
0,000000	-0,101232	0,000000	0,101232	20,550000	0,000000	0,000000	49277,600000	0,000000	0,000000	0,000000	0,000000
0,000000	-0,101232	0,000000	0,101232	19,550000	0,000000	0,000000	49297,150000	0,000000	0,000000	0,000000	0,000000
0,000000	-0,101232	0,000000	0,101232	20,500000	0,000000	0,000000	49317,650000	0,000000	0,000000	0,000000	0,000000
-0,054481	-0,101232	-0,054481	0,046752	19,500000	0,000000	0,000000	49337,150000	0,000000	0,000000	0,000000	0,000000
-0,108961	-0,101232	-0,108961	-0,007729	19,550000	0,000000	0,000000	49356,700000	0,000000	0,000000	0,000000	0,000000
0,000000	-0,101232	0,000000	0,101232	20,650000	0,000000	0,000000	49377,350000	0,000000	0,000000	0,000000	0,000000
0,000000	-0,101232	0,000000	0,101232	19,500000	0,000000	0,000000	49396,850000	0,000000	0,000000	0,000000	0,000000
-0,108961	-0,101232	-0,108961	-0,007729	20,500000	0,000000	0,000000	49417,350000	0,000000	0,000000	0,000000	0,000000
0,000000	-0,101232	0,000000	0,101232	19,100000	0,000000	0,000000	49436,450000	0,000000	0,000000	0,000000	0,000000
0,000000	-0,101232	0,000000	0,101232	20,750000	0,000000	0,000000	49457,200000	0,000000	0,000000	0,000000	0,000000
0,000000	-0,101232	0,000000	0,101232	19,550000	0,000000	0,000000	49476,750000	0,000000	0,000000	0,000000	0,000000
0,000000	-0,101232	0,000000	0,101232	20,650000	0,000000	0,000000	49497,400000	0,000000	0,000000	0,000000	0,000000
0,000000	-0,101232	0,000000	0,101232	19,550000	0,000000	0,000000	49516,950000	0,000000	0,000000	0,000000	0,000000
0,000000	-0,101232	0,000000	0,101232	20,400000	0,000000	0,000000	49537,350000	0,000000	0,000000	0,000000	0,000000
0,000000	-0,101232	0,000000	0,101232	19,550000	0,000000	0,000000	49556,900000	0,000000	0,000000	0,000000	0,000000
-0,108961	-0,101232	-0,108961	-0,007729	20,550000	0,000000	0,000000	49577,450000	0,000000	0,000000	0,000000	0,000000
0,000000	-0,101232	0,000000	0,101232	19,600000	0,000000	0,000000	49597,050000	0,000000	0,000000	0,000000	0,000000
-0,054481	-0,101232	-0,054481	0,046752	24,700000	0,000000	0,000000	49621,750000	0,000000	0,000000	0,000000	0,000000
0,000000	-0,101232	0,000000	0,101232	19,050000	0,000000	0,000000	49640,800000	0,000000	0,000000	0,000000	0,000000
0,000000	-0,101232	0,000000	0,101232	20,550000	0,000000	0,000000	49661,350000	0,000000	0,000000	0,000000	0,000000
0,000000	-0,101232	0,000000	0,101232	19,550000	0,000000	0,000000	49680,900000	0,000000	0,000000	0,000000	0,000000
-0,108961	-0,101232	-0,108961	-0,007729	21,450000	0,000000	0,000000	49702,350000	0,000000	0,000000	0,000000	0,000000
0,000000	-0,101232	0,000000	0,101232	26,000000	0,000000	0,000000	49728,350000	0,000000	0,000000	0,000000	0,000000
0,000000	-0,101232	0,000000	0,101232	19,850000	0,000000	0,000000	49748,200000	0,000000	0,000000	0,000000	0,000000
0,000000	-0,101232	0,000000	0,101232	19,650000	0,000000	0,000000	49767,850000	0,000000	0,000000	0,000000	0,000000
0,000000	-0,050616	0,000000	0,050616	20,500000	0,000000	0,000000	49788,350000	0,000000	0,000000	0,000000	0,000000
0,000000	-0,101232	0,000000	0,101232	19,550000	0,000000	0,000000	49807,900000	0,000000	0,000000	0,000000	0,000000
-0,054481	-0,101232	-0,054481	0,046752	26,300000	0,000000	0,000000	49834,200000	0,000000	0,000000	0,000000	0,000000
0,000000	-0,101232	0,000000	0,101232	18,350000	0,000000	0,000000	49852,550000	0,000000	0,000000	0,000000	0,000000
0,000000	-0,101232	0,000000	0,101232	20,750000	0,000000	0,000000	49873,300000	0,000000	0,000000	0,000000	0,000000
0,000000	-0,101232	0,000000	0,101232	19,600000	0,000000	0,000000	49892,900000	0,000000	0,000000	0,000000	0,000000
0,000000	-0,101232	0,000000	0,101232	20,600000	0,000000	0,000000	49913,500000	0,000000	0,000000	0,000000	0,000000
0,000000	-0,101232	0,000000	0,101232	28,500000	0,000000	0,000000	49942,000000	0,000000	0,000000	0,000000	0,000000
0,000000	0,000000	0,000000	0,000000	19,100000	0,000000	0,000000	49961,100000	0,000000	0,000000	0,000000	0,000000
0,000000	-0,101232	0,000000	0,101232	19,650000	0,000000	0,000000	49980,750000	0,040692	0,000098	0,000000	0,000000
0,000000	-0,101232	0,000000	0,101232	20,600000	0,000000	0,000000	50001,350000	0,040910	0,000206	0,000000	0,000000
0,000000	-0,101232	0,000000	0,101232	21,350000	0,000000	0,000000	50022,700000	0,040925	0,000213	0,000000	0,000000
-0,054481	-0,101232	-0,054481	0,046752	25,450000	0,000000	0,000000	50048,150000	0,019077	0,000254	0,000000	0,000000
0,000000	-0,101232	0,000000	0,101232	20,500000	0,000000	0,000000	50068,650000	0,040796	0,000205	0,000000	0,000000
0,000000	-0,101232	0,000000	0,101232	19,550000	0,000000	0,000000	50088,200000	0,040889	0,000195	0,000000	0,000000
0,000000	-0,101232	0,000000	0,101232	20,450000	0,000000	0,000000	50108,650000	0,040907	0,000204	0,000000	0,000000
0,000000	-0,101232	0,000000	0,101232	19,900000	0,000000	0,000000	50128,550000	0,040896	0,000199	0,000000	0,000000
-0,108961	-0,101232	-0,108961	-0,007729	19,050000	0,000000	0,000000	50147,600000	-0,002913	0,000000	0,000000	0,000000
0,000000	-0,101232	0,000000	0,101232	20,700000	0,000000	0,000000	50168,300000	0,040687	0,000000	0,000000	0,000000
0,000000	-0,101232	0,000000	0,101232	19,500000	0,000000	0,000000	50187,800000	0,040888	0,000195	0,000000	0,000000
0,000000	-0,101232	0,000000	0,101232	20,450000	0,000000	0,000000	50208,250000	0,040907	0,000204	0,000000	0,000000
0,000000	-0,101232	0,000000	0,101232	19,700000	0,000000	0,000000	50227,950000	0,040892	0,000197	0,000000	0,000000
0,000000	-0,101232	0,000000	0,101232	20,650000	0,000000	0,000000	50248,600000	0,040911	0,000206	0,000000	0,000000
0,000000	-0,101232	0,000000	0,101232	19,150000	0,000000	0,000000	50267,750000	0,040881	0,000191	0,000000	0,000000
0,000000	-0,101232	0,000000	0,101232	20,650000	0,000000	0,000000	50288,400000	0,040911	0,000206	0,000000	0,000000
0,000000	-0,101232	0,000000	0,101232	19,550000	0,000000	0,000000	50307,950000	0,040889	0,000195	0,000000	0,000000
0,000000	-0,101232	0,000000	0,101232	20,450000	0,000000	0,000000	50328,400000	0,040907	0,000204	0,000000	0,000000
0,000000	-0,101232	0,000000	0,101232	19,650000	0,000000	0,000000	50348,050000	0,040891	0,000196	0,000000	0,000000
0,000000	-0,101232	0,000000	0,101232	20,500000	0,000000	0,000000	50368,550000	0,040908	0,000205	0,000000	0,000000
0,000000	-0,101232	0,000000	0,101232	19,150000	0,000000	0,000000	50387,700000	0,040881	0,000191	0,000000	0,000000
-0,108961	-0,101232	-0,108961	-0,007729	20,650000	0,000000	0,000000	50408,350000	-0,002898	0,000000	0,000000	0,000000
-0,054481	-0,101232	-0,054481	0,046752	19,700000	0,000000	0,000000	50428,050000	0,018778	0,000000	0,000000	0,000000
0,000000	-0,101232	0,000000	0,101232	20,650000	0,000000	0,000000	50448,700000	0,040799	0,000206	0,000000	0,000000
0,000000	-0,101232	0,000000	0,101232	19,500000	0,000000	0,000000	50468,200000	0,040888	0,000195	0,000000	0,000000
0,000000	-0,101232	0,000000	0,101232	20,450000	0,000000	0,000000	50488,650000	0,040907	0,000204	0,000000	0,000000
0,000000	-0,101232	0,000000	0,101232	19,150000	0,000000	0,000000	50507,800000	0,040881	0,000191	0,000000	0,000000
-0,108961	-0,101232	-0,108961	-0,007729	20,650000	0,000000	0,000000	50528,450000	-0,002898	0,000000	0,000000	0,000000
-0,054481	-0,101232	-0,054481	0,046752	20,400000	0,000000	0,000000	50548,850000	0,018780	0,000000	0,000000	0,000000
0,000000	-0,101232	0,000000	0,101232	19,850000	0,000000	0,000000	50568,700000	0,040787	0,000198	0,000000	0,000000
0,000000	-0,101232	0,000000	0,101232	19,600000	0,000000	0,000000	50588,300000	0,040890	0,000196	0,000000	0,000000
0,000000	-0,101232	0,000000	0,101232	20,400000	0,000000	0,000000	50608,700000	0,040906	0,000204	0,000000	0,000000
0,000000	-0,101232	0,000000	0,101232	19,550000	0,000000	0,000000	50628,250000	0,040889	0,000195	0,000000	0,000000
0,000000	-0,101232	0,000000	0,101232	19,150000	0,000000	0,000000	50647,400000	0,040881	0,000191	0,000000	0,000000
0,000000	-0,101232	0,000000	0,101232	20,700000	0,000000	0,000000	50668,100000	0,040912	0,000207	0,000000	0,000000
-0,054481	-0,101232	-0,054481	0,046752	22,250000	0,000000	0,000000	50690,350000	0,019030	0,000222	0,000000	0,000000
0,000000	-0,101232	0,000000	0,101232	19,900000	0,000000	0,000000	50710,250000	0,040787	0,000199	0,000000	0,000000
0,000000	-0,101232	0,000000	0,101232	19,550000	0,000000	0,000000	50729,800000	0,040889	0,000195	0,000000	0,000000
0,000000	-0,101232	0,000000	0,101232	20,550000	0,000000	0,000000	50750,350000	0,040909	0,000205	0,000000	0,000000
0,000000	-0,101232	0,000000	0,101232	19,650000	0,000000	0,000000	50770,000000	0,040891	0,000196	0,000000	0,000000
0,000000	-0,101232	0,000000	0,101232	26,150000	0,000000	0,000000	50796,150000	0,041022	0,000261	0,000000	0,000000
0,000000	-0,101232	0,000000	0,101232	18,350000	0,000000	0,000000	50814,500000	0,040865	0,000183	0,000000	0,000000
0,000000	-0,101232	0,000000	0,101232	20,750000	0,000000	0,000000	50835,250000	0,040913	0,000207	0,000000	0,000000
0,000000	0,000000	0,000000	0,000000	19,550000	0,000000	0,000000	50854,800000	0,000198	0,000000	0,000000	0,000000
0,000000	-0,101232	0,000000	0,101232	20,700000	0,000000	0,000000	50875,500000	0,040703	0,000000	0,000000	0,000000
0,000000	-0,101232	0,000000	0,101232	29,350000	0,000000	0,000000	50904,850000	0,041087	0,000293	0,000000	0,000000
0,000000	0,000000	0,000000	0,000000	19,050000	0,000000	0,000000	50923,900000	0,000193	0,000000	0,000000	0,000000
0,000000	-0,101232	0,000000	0,101232	20,750000	0,000000	0,000000	50944,650000	0,040703	0,000000	0,000000	0,000000
0,000000	-0,101232	0,000000	0,101232	19,500000	0,000000	0,000000	50964,150000	0,040888	0,000195	0,000000	0,000000
0,000000	-0,101232	0,000000	0,101232	20,600000	0,000000	0,000000	50984,750000	0,040910	0,000206	0,000000	0,000000
0,000000	-0,101232	0,000000	0,101232	26,150000	0,000000	0,000000	51010,900000	0,041022	0,000261	0,000000	0,000000
0,000000	-0,101232	0,000000	0,101232	19,750000	0,000000	0,000000	51030,650000	0,040893	0,000197	0,000000	0,000000
0,000000	-0,101232	0,000000	0,101232	19,150000	0,000000	0,000000	51049,800000	0,040881	0,000191	0,000000	0,000000
0,000000	0,000000	0,000000	0,000000	20,700000	0,000000	0,000000	51070,500000	0,000210	0,000000	0,000000	0,000000
0,000000	0,000000	0,000000	0,000000	19,800000	0,000000	0,000000	51090,300000	0,000000	-0,000198	0,000000	0,000000
-0,054481	-0,101232	-0,054481	0,046752	27,900000	0,000000	0,000000	51118,200000	0,018831	0,000000	0,000000	0,000000
0,000000	-0,101232	0,000000	0,101232	17,950000	0,000000	0,000000	51136,150000	0,040759	0,000179	0,000000	0,000000
0,000000	-0,101232	0,000000	0,101232	20,450000	0,000000	0,000000	51156,600000	0,040907	0,000204	0,000000	0,000000
0,000000	-0,101232	0,000000	0,101232	19,550000	0,000000	0,000000	51176,150000	0,040889	0,000195	0,000000	0,000000
-0,108961	-0,101232	-0,108961	-0,007729	20,500000	0,000000	0,000000	51196,650000	-0,002900	0,000000	0,000000	0,000000
0,000000	-0,101232	0,000000	0,101232	19,600000	0,000000	0,000000	51216,250000	0,040676	0,000000	0,000000	0,000000
0,000000	-0,101232	0,000000	0,101232	20,450000	0,000000	0,000000	51236,700000	0,040907	0,000204	0,000000	0,000000
0,000000	-0,101232	0,000000	0,101232	19,550000	0,000000	0,000000	51256,250000	0,040889	0,000195	0,000000	0,000000
0,000000	0,000000	0,000000	0,000000	20,550000	0,000000	0,000000	51276,800000	0,000208	0,000000	0,000000	0,000000
0,000000	-0,101232	0,000000	0,101232	19,150000	0,000000	0,000000	51295,950000	0,040687	0,000000	0,000000	0,000000
0,000000	-0,050616	0,000000	0,050616	20,650000	0,000000	0,000000	51316,600000	0,020560	0,000206	0,000000	0,000000
0,000000	-0,101232	0,000000	0,101232	19,750000	0,000000	0,000000	51336,350000	0,040793	0,000197	0,000000	0,000000
-0,108961	-0,101232	-0,108961	-0,007729	19,500000	0,000000	0,000000	51355,850000	-0,002909	0,000000	0,000000	0,000000
0,000000	-0,101232	0,000000	0,101232	20,450000	0,000000	0,000000	51376,300000	0,040684	0,000000	0,000000	0,000000
-0,108961	-0,101232	-0,108961	-0,007729	19,550000	0,000000	0,000000	51395,850000	-0,002909	0,000000	0,000000	0,000000
-0,054481	-0,101232	-0,054481	0,046752	20,550000	0,000000	0,000000	51416,400000	0,018781	0,000000	0,000000	0,000000
-0,108961	-0,101232	-0,108961	-0,007729	23,550000	0,000000	0,000000	51439,950000	-0,003000	0,000000	0,000000	0,000000
0,000000	-0,101232	0,000000	0,101232	19,100000	0,000000	0,000000	51459,050000	0,040672	0,000000	0,000000	0,000000
0,000000	-0,101232	0,000000	0,101232	19,850000	0,000000	0,000000	51478,900000	0,040895	0,000198	0,000000	0,000000
0,000000	-0,101232	0,000000	0,101232	20,700000	0,000000	0,000000	51499,600000	0,040912	0,000207	0,000000	0,000000
0,000000	-0,101232	0,000000	0,101232	19,100000	0,000000	0,000000	51518,700000	0,040880	0,000191	0,000000	0,000000
0,000000	-0,101232	0,000000	0,101232	26,300000	0,000000	0,000000	51545,000000	0,041025	0,000263	0,000000	0,000000
0,000000	-0,101232	0,000000	0,101232	18,800000	0,000000	0,000000	51563,800000	0,040874	0,000188	0,000000	0,000000
0,000000	-0,101232	0,000000	0,101232	20,500000	0,000000	0,000000	51584,300000	0,040908	0,000205	0,000000	0,000000
0,000000	-0,101232	0,000000	0,101232	20,600000	0,000000	0,000000	51604,900000	0,040910	0,000206	0,000000	0,000000
0,000000	-0,101232	0,000000	0,101232	19,550000	0,000000	0,000000	51624,450000	0,040889	0,000195	0,000000	0,000000
0,000000	-0,101232	0,000000	0,101232	29,500000	0,000000	0,000000	51653,950000	0,041090	0,000295	0,000000	0,000000
-0,108961	-0,101232	-0,108961	-0,007729	19,100000	0,000000	0,000000	51673,050000	-0,002913	0,000000	0,000000	0,000000
0,000000	-0,101232	0,000000	0,101232	20,650000	0,000000	0,000000	51693,700000	0,040686	0,000000	0,000000	0,000000
0,000000	-0,101232	0,000000	0,101232	19,550000	0,000000	0,000000	51713,250000	0,040889	0,000195	0,000000	0,000000
-0,108961	-0,101232	-0,108961	-0,007729	20,600000	0,000000	0,000000	51733,850000	-0,002899	0,000000	0,000000	0,000000
0,000000	-0,101232	0,000000	0,101232	25,200000	0,000000	0,000000	51759,050000	0,040729	0,000000	0,000000	0,000000
0,000000	-0,101232	0,000000	0,101232	19,650000	0,000000	0,000000	51778,700000	0,040891	0,000196	0,000000	0,000000
-0,054481	-0,101232	-0,054481	0,046752	19,550000	0,000000	0,000000	51798,250000	0,018990	0,000195	0,000000	0,000000
0,000000	-0,101232	0,000000	0,101232	20,500000	0,000000	0,000000	51818,750000	0,040796	0,000205	0,000000	0,000000
0,000000	-0,101232	0,000000	0,101232	19,600000	0,000000	0,000000	51838,350000	0,040890	0,000196	0,000000	0,000000
-0,108961	-0,101232	-0,108961	-0,007729	20,500000	0,000000	0,000000	51858,850000	-0,002900	0,000000	0,000000	0,000000
0,000000	-0,101232	0,000000	0,101232	19,500000	0,000000	0,000000	51878,350000	0,040675	0,000000	0,000000	0,000000
0,000000	-0,101232	0,000000	0,101232	19,150000	0,000000	0,000000	51897,500000	0,040881	0,000191	0,000000	0,000000
-0,108961	-0,101232	-0,108961	-0,007729	23,100000	0,000000	0,000000	51920,600000	-0,002875	0,000000	0,000000	0,000000
0,000000	-0,101232	0,000000	0,101232	17,300000	0,000000	0,000000	51937,900000	0,040655	0,000000	0,000000	0,000000
0,000000	-0,101232	0,000000	0,101232	20,600000	0,000000	0,000000	51958,500000	0,040910	0,000206	0,000000	0,000000
0,000000	-0,101232	0,000000	0,101232	19,200000	0,000000	0,000000	51977,700000	0,040882	0,000192	0,000000	0,000000
0,000000	-0,101232	0,000000	0,101232	20,700000	0,000000	0,000000	51998,400000	0,040912	0,000207	0,000000	0,000000
0,000000	-0,101232	0,000000	0,101232	19,600000	0,000000	0,000000	52018,000000	0,040890	0,000196	0,000000	0,000000
0,000000	-0,101232	0,000000	0,101232	20,400000	0,000000	0,000000	52038,400000	0,040906	0,000204	0,000000	0,000000
0,000000	-0,101232	0,000000	0,101232	19,650000	0,000000	0,000000	52058,050000	0,040891	0,000196	0,000000	0,000000
0,000000	-0,101232	0,000000	0,101232	23,800000	0,000000	0,000000	52081,850000	0,040975	0,000238	0,000000	0,000000
0,000000	-0,101232	0,000000	0,101232	19,050000	0,000000	0,000000	52100,900000	0,040879	0,000190	0,000000	0,000000
0,000000	-0,101232	0,000000	0,101232	20,600000	0,000000	0,000000	52121,500000	0,040910	0,000206	0,000000	0,000000
0,000000	-0,101232	0,000000	0,101232	19,200000	0,000000	0,000000	52140,700000	0,040882	0,000192	0,000000	0,000000
0,000000	-0,101232	0,000000	0,101232	20,650000	0,000000	0,000000	52161,350000	0,040911	0,000206	0,000000	0,000000
0,000000	-0,101232	0,000000	0,101232	27,800000	0,000000	0,000000	52189,150000	0,041056	0,000278	0,000000	0,000000
0,000000	-0,101232	0,000000	0,101232	19,850000	0,000000	0,000000	52209,000000	0,040895	0,000198	0,000000	0,000000
0,000000	-0,101232	0,000000	0,101232	19,900000	0,000000	0,000000	52228,900000	0,040896	0,000199	0,000000	0,000000
0,000000	-0,101232	0,000000	0,101232	20,450000	0,000000	0,000000	52249,350000	0,040907	0,000204	0,000000	0,000000
0,000000	0,000000	0,000000	0,000000	19,700000	0,000000	0,000000	52269,050000	0,000199	0,000000	0,000000	0,000000
0,000000	0,000000	0,000000	0,000000	30,750000	0,000000	0,000000	52299,800000	0,000000	-0,000307	0,000000	0,000000
-0,108961	-0,101232	-0,108961	-0,007729	19,900000	0,000000	0,000000	52319,700000	-0,003107	-0,000199	0,000000	0,000000
0,000000	-0,101232	0,000000	0,101232	19,600000	0,000000	0,000000	52339,300000	0,040676	0,000000	0,000000	0,000000
0,000000	-0,101232	0,000000	0,101232	20,500000	0,000000	0,000000	52359,800000	0,040908	0,000205	0,000000	0,000000
0,000000	-0,101232	0,000000	0,101232	19,600000	0,000000	0,000000	52379,400000	0,040890	0,000196	0,000000	0,000000
0,000000	-0,101232	0,000000	0,101232	23,850000	0,000000	0,000000	52403,250000	0,040976	0,000238	0,000000	0,000000
0,000000	-0,101232	0,000000	0,101232	19,050000	0,000000	0,000000	52422,300000	0,040879	0,000190	0,000000	0,000000
0,000000	-0,101232	0,000000	0,101232	20,550000	0,000000	0,000000	52442,850000	0,040909	0,000205	0,000000	0,000000
0,000000	-0,101232	0,000000	0,101232	19,150000	0,000000	0,000000	52462,000000	0,040881	0,000191	0,000000	0,000000
0,000000	-0,101232	0,000000	0,101232	19,900000	0,000000	0,000000	52481,900000	0,040896	0,000199	0,000000	0,000000
-0,108961	-0,101232	-0,108961	-0,007729	26,300000	0,000000	0,000000	52508,200000	-0,002846	0,000000	0,000000	0,000000
0,000000	-0,101232	0,000000	0,101232	20,500000	0,000000	0,000000	52528,700000	0,040685	0,000000	0,000000	0,000000
0,000000	-0,101232	0,000000	0,101232	19,600000	0,000000	0,000000	52548,300000	0,040890	0,000196	0,000000	0,000000
0,000000	-0,101232	0,000000	0,101232	20,450000	0,000000	0,000000	52568,750000	0,040907	0,000204	0,000000	0,000000
-0,108961	-0,101232	-0,108961	-0,007729	19,650000	0,000000	0,000000	52588,400000	-0,002908	0,000000	0,000000	0,000000
0,000000	-0,101232	0,000000	0,101232	28,300000	0,000000	0,000000	52616,700000	0,040758	0,000000	0,000000	0,000000
0,000000	-0,101232	0,000000	0,101232	19,150000	0,000000	0,000000	52635,850000	0,040881	0,000191	0,000000	0,000000
0,000000	-0,101232	0,000000	0,101232	20,650000	0,000000	0,000000	52656,500000	0,040911	0,000206	0,000000	0,000000
-0,108961	-0,101232	-0,108961	-0,007729	19,650000	12,002283	0,000000	52676,150000	-0,002490	0,000206	0,000000	0,294750
0,000000	-0,101232	0,000000	0,101232	20,650000	0,000000	12,041494	52696,800000	0,041288	0,000206	0,000000	0,604500
0,000000	-0,101232	0,000000	0,101232	39,900000	0,000000	12,042701	52736,700000	0,042096	0,000605	0,000000	1,203000
0,000000	-0,101232	0,000000	0,101232	18,350000	0,000000	12,043256	52755,050000	0,042467	0,000789	0,000000	1,478250
-0,054481	-0,101232	-0,054481	0,046752	20,700000	0,000000	12,021977	52775,750000	0,020981	0,000996	0,000000	1,788750
0,000000	-0,101232	0,000000	0,101232	19,600000	0,000000	12,044256	52795,350000	0,043064	0,001192	0,000000	2,082750
0,000000	-0,101232	0,000000	0,101232	19,650000	0,000000	12,044850	52815,000000	0,043461	0,001388	0,000000	2,377500
0,000000	-0,101232	0,000000	0,101232	22,100000	0,000000	12,045518	52837,100000	0,043909	0,001609	0,000000	2,709000
0,000000	-0,101232	0,000000	0,101232	18,750000	0,000000	12,046086	52855,850000	0,044289	0,001797	0,000000	2,990250
0,000000	-0,101232	0,000000	0,101232	20,550000	0,000000	12,046707	52876,400000	0,044705	0,002002	0,000000	3,298500
0,000000	-0,101232	0,000000	0,101232	19,500000	0,000000	12,047297	52895,900000	0,045099	0,002197	0,000000	3,591000
0,000000	-0,101232	0,000000	0,101232	20,650000	0,000000	12,047922	52916,550000	0,045518	0,002404	0,000000	3,900750
0,000000	-0,101232	0,000000	0,101232	22,050000	0,000000	12,048588	52938,600000	0,045964	0,002624	0,000000	4,231500
0,000000	-0,101232	0,000000	0,101232	19,850000	0,000000	12,049189	52958,450000	0,046366	0,002823	0,000000	4,529250
-0,108961	-0,101232	-0,108961	-0,007729	19,550000	0,000000	12,005787	52978,000000	0,002964	0,002823	0,000000	4,822500
0,000000	-0,101232	0,000000	0,101232	20,500000	0,000000	12,049563	52998,500000	0,046740	0,002823	0,000000	5,130000
0,000000	-0,101232	0,000000	0,101232	19,600000	0,000000	12,050156	53018,100000	0,047137	0,003019	0,000000	5,424000
-0,108961	-0,101232	-0,108961	-0,007729	26,100000	0,000000	12,006816	53044,200000	0,003797	0,003019	0,000000	5,815500
0,000000	-0,101232	0,000000	0,101232	18,700000	0,000000	12,050575	53062,900000	0,047556	0,003019	0,000000	6,096000
0,000000	-0,101232	0,000000	0,101232	20,550000	0,000000	12,051197	53083,450000	0,047972	0,003224	0,000000	6,404250
0,000000	-0,101232	0,000000	0,101232	19,200000	0,000000	12,051777	53102,650000	0,048361	0,003416	0,000000	6,692250
0,000000	-0,101232	0,000000	0,101232	20,650000	0,000000	12,052402	53123,300000	0,048779	0,003623	0,000000	7,002000
0,000000	-0,101232	0,000000	0,101232	29,300000	0,000000	12,053288	53152,600000	0,049372	0,003916	0,000000	7,441500
0,000000	0,202465	0,000000	-0,202465	18,800000	12,068381	0,000000	53171,400000	-0,072297	0,003916	0,000000	7,723500
0,000000	0,506162	0,000000	-0,506162	20,400000	12,191510	0,000000	53191,800000	-0,195222	0,003712	0,000000	8,029500
0,000000	0,708627	0,000000	-0,708627	19,600000	12,275073	0,000000	53211,400000	-0,278589	0,003516	0,000000	8,323500
-0,108961	0,911092	-0,108961	-1,020053	19,600000	12,403227	0,000000	53231,000000	-0,406547	0,003320	0,000000	8,617500
-0,108961	1,214790	-0,108961	-1,323751	33,200000	12,532820	0,000000	53264,200000	-0,535808	0,002988	0,000000	9,115500
-0,108961	1,316022	-0,108961	-1,424983	21,400000	12,579409	0,000000	53285,600000	-0,582183	0,002774	0,000000	9,436500
-0,108961	1,214790	-0,108961	-1,323751	18,250000	12,544115	0,000000	53303,850000	-0,546706	0,002591	0,000000	9,710250
-0,108961	1,113557	-0,108961	-1,222518	20,700000	12,509100	0,000000	53324,550000	-0,511484	0,002384	0,000000	10,020750
-0,108961	1,012325	-0,108961	-1,121286	19,700000	12,473421	0,000000	53344,250000	-0,475608	0,002187	0,000000	10,316250
-0,108961	1,012325	-0,108961	-1,121286	25,250000	12,479336	0,000000	53369,500000	-0,481271	0,001935	0,000000	10,695000
-0,108961	1,417254	-0,108961	-1,526216	18,750000	12,646459	0,000000	53388,250000	-0,648207	0,001747	0,000000	10,976250
-0,108961	1,619719	-0,108961	-1,728680	20,400000	12,734289	0,000000	53408,650000	-0,735833	0,001543	0,000000	11,282250
-0,108961	2,024649	-0,108961	-2,133610	19,600000	12,904027	0,000000	53428,250000	-0,905375	0,001347	0,000000	11,576250
-0,108961	2,328347	-0,108961	-2,437308	20,550000	13,035105	0,000000	53448,800000	-1,036247	0,001142	0,000000	11,884500
-0,217922	2,733277	-0,217922	-2,951199	26,250000	13,255069	0,000000	53475,050000	-1,255948	0,000879	0,000000	12,278250
-0,217922	3,138206	-0,217922	-3,356128	19,500000	13,429535	0,000000	53494,550000	-1,430220	0,000684	0,000000	12,570750
-0,217922	3,543136	-0,217922	-3,761058	19,600000	13,605653	0,000000	53514,150000	-1,606141	0,000488	0,000000	12,864750
-0,217922	3,948066	-0,217922	-4,165988	21,500000	13,784883	0,000000	53535,650000	-1,785156	0,000273	0,000000	13,187250
-0,217922	4,454228	-0,217922	-4,672150	18,700000	14,004062	0,000000	53554,350000	-2,004148	0,000086	0,000000	13,467750
-0,217922	5,264088	-0,217922	-5,482010	29,250000	14,357999	0,000000	53583,600000	-2,357793	-0,000206	0,000000	13,906500
-0,217922	5,669018	-0,217922	-5,886940	19,050000	14,541820	0,000000	53602,650000	-2,541423	-0,000396	0,000000	14,192250
-0,326883	6,175180	-0,326883	-6,502063	20,700000	14,813721	0,000000	53623,350000	-2,813118	-0,000603	0,000000	14,502750
-0,326883	6,580110	-0,326883	-6,906993	19,700000	15,002306	0,000000	53643,050000	-3,001505	-0,000800	0,000000	14,798250
-0,326883	6,580110	-0,326883	-6,906993	20,700000	15,031108	0,000000	53663,750000	-3,030100	-0,001007	0,000000	15,108750
-0,326883	6,073948	-0,326883	-6,400831	27,750000	14,865850	0,000000	53691,500000	-2,864565	-0,001285	0,000000	15,525000
-0,326883	5,567786	-0,326883	-5,894669	18,950000	14,686874	0,000000	53710,450000	-2,685400	-0,001474	0,000000	15,809250
-0,326883	5,162856	-0,326883	-5,489739	19,150000	14,546895	0,000000	53729,600000	-2,545229	-0,001666	0,000000	16,096500
-0,326883	4,757926	-0,326883	-5,084809	20,750000	14,407073	0,000000	53750,350000	-2,405199	-0,001873	0,000000	16,407750
-0,326883	4,454228	-0,326883	-4,781111	19,650000	14,305177	0,000000	53770,000000	-2,303107	-0,002070	0,000000	16,702500
-0,326883	4,150531	-0,326883	-4,477414	26,300000	14,208311	0,000000	53796,300000	-2,205978	-0,002333	0,000000	17,097000
-0,326883	3,948066	-0,326883	-4,274949	18,300000	14,143525	0,000000	53814,600000	-2,141009	-0,002516	0,000000	17,371500
-0,326883	3,745601	-0,326883	-4,072484	20,700000	14,080025	0,000000	53835,300000	-2,077302	-0,002723	0,000000	17,682000
-0,326883	3,543136	-0,326883	-3,870019	19,650000	14,014842	0,000000	53854,950000	-2,011923	-0,002919	0,000000	17,976750
-0,326883	3,340671	-0,326883	-3,667554	20,650000	13,949628	0,000000	53875,600000	-1,946502	-0,003126	0,000000	18,286500
-0,326883	3,138206	-0,326883	-3,465089	29,500000	13,889978	0,000000	53905,100000	-1,886557	-0,003421	0,000000	18,729000
-0,326883	2,935741	-0,326883	-3,262624	19,100000	13,822033	0,000000	53924,200000	-1,818421	-0,003612	0,000000	19,015500
-0,326883	2,733277	-0,326883	-3,060160	20,650000	13,754310	0,000000	53944,850000	-1,750492	-0,003818	0,000000	19,325250
-0,326883	2,632044	-0,326883	-2,958927	19,500000	13,725750	0,000000	53964,350000	-1,721736	-0,004013	0,000000	19,617750
-0,326883	2,530812	-0,326883	-2,857695	20,550000	13,697415	0,000000	53984,900000	-1,693196	-0,004219	0,000000	19,926000
-0,326883	2,632044	-0,326883	-2,958927	26,750000	13,753735	0,000000	54011,650000	-1,749249	-0,004486	0,000000	20,327250
-0,326883	3,036974	-0,326883	-3,363857	20,400000	13,928810	0,000000	54032,050000	-1,924119	-0,004690	0,000000	20,633250
-0,326883	3,340671	-0,326883	-3,667554	19,100000	14,063910	0,000000	54051,150000	-2,059028	-0,004881	0,000000	20,919750
-0,326883	3,543136	-0,326883	-3,870019	20,650000	14,160667	0,000000	54071,800000	-2,155579	-0,005088	0,000000	21,229500
-0,326883	3,644369	-0,326883	-3,971252	19,550000	14,216685	0,000000	54091,350000	-2,211402	-0,005283	0,000000	21,522750
-0,326883	3,543136	-0,326883	-3,870019	27,600000	14,198110	0,000000	54118,950000	-2,192551	-0,005559	0,000000	21,936750
-0,326883	3,441904	-0,326883	-3,768787	19,150000	14,172437	0,000000	54138,100000	-2,166686	-0,005751	0,000000	22,224000
-0,326883	3,036974	-0,326883	-3,363857	20,600000	14,025364	0,000000	54158,700000	-2,019407	-0,005957	0,000000	22,533000
-0,326883	2,733277	-0,326883	-3,060160	19,500000	13,916607	0,000000	54178,200000	-1,910455	-0,006152	0,000000	22,825500
-0,326883	2,378963	-0,326883	-2,705846	20,650000	13,786995	0,000000	54198,850000	-1,780637	-0,006358	0,000000	23,135250
-0,326883	1,923417	-0,326883	-2,250300	22,150000	13,615976	0,000000	54221,000000	-1,609396	-0,006580	0,000000	23,467500
-0,326883	1,316022	-0,326883	-1,642905	21,950000	13,381783	0,000000	54242,950000	-1,374984	-0,006799	0,000000	23,796750
-0,326883	0,911092	-0,326883	-1,237975	17,250000	13,224953	0,000000	54260,200000	-1,217981	-0,006972	0,000000	24,055500
-0,326883	0,658011	-0,326883	-0,984894	20,650000	13,128517	0,000000	54280,850000	-1,121339	-0,007178	0,000000	24,365250
-0,326883	0,506162	-0,326883	-0,833045	19,600000	13,071537	0,000000	54300,450000	-1,064163	-0,007374	0,000000	24,659250
-0,326883	0,404930	-0,326883	-0,731813	31,100000	13,036222	0,000000	54331,550000	-1,028536	-0,007685	0,000000	25,125750
-0,326883	0,708627	-0,326883	-1,035510	19,200000	13,161286	0,000000	54350,750000	-1,153409	-0,007877	0,000000	25,413750
-0,326883	0,809860	-0,326883	-1,136743	20,750000	13,206494	0,000000	54371,500000	-1,198409	-0,008085	0,000000	25,725000
-0,326883	0,809860	-0,326883	-1,136743	19,650000	13,211158	0,000000	54391,150000	-1,202876	-0,008281	0,000000	26,019750
-0,326883	0,708627	-0,326883	-1,035510	20,600000	13,175346	0,000000	54411,750000	-1,166858	-0,008487	0,000000	26,328750
-0,326883	0,607395	-0,326883	-0,934278	24,650000	13,139955	0,000000	54436,400000	-1,131221	-0,008734	0,000000	26,698500
-0,326883	0,404930	-0,326883	-0,731813	19,900000	13,062483	0,000000	54456,300000	-1,053550	-0,008933	0,000000	26,997000
-0,326883	0,404930	-0,326883	-0,731813	19,800000	13,065579	0,000000	54476,100000	-1,056448	-0,009131	0,000000	27,294000
-0,326883	0,303697	-0,326883	-0,630580	20,500000	13,028084	0,000000	54496,600000	-1,018748	-0,009336	0,000000	27,601500
-0,326883	0,303697	-0,326883	-0,630580	19,650000	13,030759	0,000000	54516,250000	-1,021226	-0,009532	0,000000	27,896250
-0,326883	0,303697	-0,326883	-0,630580	28,650000	13,034659	0,000000	54544,900000	-1,024840	-0,009819	0,000000	28,326000
-0,326883	0,303697	-0,326883	-0,630580	19,050000	13,037252	0,000000	54563,950000	-1,027242	-0,010009	0,000000	28,611750
-0,326883	0,303697	-0,326883	-0,630580	20,550000	13,040049	0,000000	54584,500000	-1,029834	-0,010215	0,000000	28,920000
-0,326883	0,202465	-0,326883	-0,529348	19,600000	13,002025	0,000000	54604,100000	-0,991614	-0,010411	0,000000	29,214000
-0,326883	0,101232	-0,326883	-0,428115	20,550000	12,963705	0,000000	54624,650000	-0,953089	-0,010616	0,000000	29,522250
-0,326883	0,000000	-0,326883	-0,326883	25,500000	12,925393	0,000000	54650,150000	-0,914521	-0,010871	0,000000	29,904750
-0,326883	0,000000	-0,326883	-0,326883	19,050000	12,926829	0,000000	54669,200000	-0,915767	-0,011062	0,000000	30,190500
-0,326883	0,000000	-0,326883	-0,326883	19,800000	12,928321	0,000000	54689,000000	-0,917061	-0,011260	0,000000	30,487500
-0,326883	0,000000	-0,326883	-0,326883	20,500000	12,929866	0,000000	54709,500000	-0,918401	-0,011465	0,000000	30,795000
-0,326883	0,000000	-0,326883	-0,326883	19,700000	12,931351	0,000000	54729,200000	-0,919689	-0,011662	0,000000	31,090500
-0,326883	0,000000	-0,326883	-0,326883	29,450000	12,933571	0,000000	54758,650000	-0,921615	-0,011956	0,000000	31,532250
-0,217922	0,000000	-0,217922	-0,217922	19,900000	12,891270	0,000000	54778,550000	-0,879114	-0,012155	0,000000	31,830750
-0,326883	-0,101232	-0,326883	-0,225651	19,850000	12,895440	0,000000	54798,400000	-0,883086	-0,012354	0,000000	32,128500
-0,217922	-0,101232	-0,217922	-0,116690	20,500000	12,852763	0,000000	54818,900000	-0,840204	-0,012559	0,000000	32,436000
-0,217922	0,000000	-0,217922	-0,217922	19,650000	12,894110	0,000000	54838,550000	-0,881354	-0,012755	0,000000	32,730750
-0,326883	0,000000	-0,326883	-0,326883	28,650000	12,939541	0,000000	54867,200000	-0,926499	-0,013042	0,000000	33,160500
-0,326883	-0,101232	-0,326883	-0,225651	19,050000	12,900291	0,000000	54886,250000	-0,887059	-0,013232	0,000000	33,446250
-0,326883	0,000000	-0,326883	-0,326883	20,500000	12,942122	0,000000	54906,750000	-0,928685	-0,013437	0,000000	33,753750
-0,326883	-0,101232	-0,326883	-0,225651	19,600000	12,902908	0,000000	54926,350000	-0,889275	-0,013633	0,000000	34,047750
-0,217922	-0,101232	-0,217922	-0,116690	20,600000	12,860235	0,000000	54946,950000	-0,846395	-0,013839	0,000000	34,356750
-0,217922	-0,101232	-0,217922	-0,116690	27,700000	12,861158	0,000000	54974,650000	-0,847042	-0,014116	0,000000	34,772250
-0,326883	-0,101232	-0,326883	-0,225651	19,850000	12,905621	0,000000	54994,500000	-0,891306	-0,014315	0,000000	35,070000
-0,326883	-0,101232	-0,326883	-0,225651	19,650000	12,906704	0,000000	55014,150000	-0,892193	-0,014511	0,000000	35,364750
-0,326883	-0,101232	-0,326883	-0,225651	21,450000	12,907887	0,000000	55035,600000	-0,893161	-0,014726	0,000000	35,686500
-0,326883	-0,101232	-0,326883	-0,225651	18,950000	12,908931	0,000000	55054,550000	-0,894016	-0,014915	0,000000	35,970750
-0,326883	-0,101232	-0,326883	-0,225651	25,900000	12,910359	0,000000	55080,450000	-0,895185	-0,015174	0,000000	36,359250
-0,326883	-0,101232	-0,326883	-0,225651	18,850000	12,911399	0,000000	55099,300000	-0,896036	-0,015363	0,000000	36,642000
-0,217922	-0,101232	-0,217922	-0,116690	20,600000	12,868725	0,000000	55119,900000	-0,853156	-0,015569	0,000000	36,951000
-0,217922	-0,101232	-0,217922	-0,116690	21,200000	12,869432	0,000000	55141,100000	-0,853651	-0,015781	0,000000	37,269000
-0,326883	-0,101232	-0,326883	-0,225651	19,650000	12,913886	0,000000	55160,750000	-0,897908	-0,015977	0,000000	37,563750
-0,326883	-0,101232	-0,326883	-0,225651	24,650000	12,915245	0,000000	55185,400000	-0,899021	-0,016224	0,000000	37,933500
-0,326883	-0,101232	-0,326883	-0,225651	19,900000	12,916342	0,000000	55205,300000	-0,899919	-0,016423	0,000000	38,232000
-0,217922	-0,101232	-0,217922	-0,116690	19,900000	12,873638	0,000000	55225,200000	-0,857016	-0,016622	0,000000	38,530500
-0,272403	-0,101232	-0,272403	-0,171170	21,550000	12,896266	0,000000	55246,750000	-0,879428	-0,016837	0,000000	38,853750
-0,326883	-0,101232	-0,326883	-0,225651	18,300000	12,918967	0,000000	55265,050000	-0,901947	-0,017020	0,000000	39,128250
-0,326883	-0,101232	-0,326883	-0,225651	26,150000	12,920409	0,000000	55291,200000	-0,903127	-0,017282	0,000000	39,520500
-0,217922	-0,101232	-0,217922	-0,116690	18,900000	12,877660	0,000000	55310,100000	-0,860189	-0,017471	0,000000	39,804000
-0,326883	-0,101232	-0,326883	-0,225651	20,500000	12,922151	0,000000	55330,600000	-0,904475	-0,017676	0,000000	40,111500
-0,326883	-0,101232	-0,326883	-0,225651	21,450000	12,923334	0,000000	55352,050000	-0,905444	-0,017890	0,000000	40,433250
-0,326883	-0,101232	-0,326883	-0,225651	18,750000	12,924368	0,000000	55370,800000	-0,906290	-0,018078	0,000000	40,714500
-0,326883	-0,101232	-0,326883	-0,225651	31,800000	12,926121	0,000000	55402,600000	-0,907725	-0,018396	0,000000	41,191500
-0,326883	-0,101232	-0,326883	-0,225651	18,850000	12,927160	0,000000	55421,450000	-0,908576	-0,018584	0,000000	41,474250
-0,217922	-0,101232	-0,217922	-0,116690	20,450000	12,884480	0,000000	55441,900000	-0,865691	-0,018789	0,000000	41,781000
-0,217922	-0,202465	-0,217922	-0,015457	19,550000	12,844441	0,000000	55461,450000	-0,825457	-0,018984	0,000000	42,074250
-0,326883	-0,101232	-0,326883	-0,225651	19,650000	12,929189	0,000000	55481,100000	-0,910008	-0,019181	0,000000	42,369000
-0,326883	-0,202465	-0,326883	-0,124418	26,950000	12,889909	0,000000	55508,050000	-0,870458	-0,019450	0,000000	42,773250
-0,326883	-0,101232	-0,326883	-0,225651	19,900000	12,931297	0,000000	55527,950000	-0,911648	-0,019649	0,000000	43,071750
-0,326883	-0,101232	-0,326883	-0,225651	19,200000	12,932356	0,000000	55547,150000	-0,912514	-0,019841	0,000000	43,359750
-0,326883	-0,101232	-0,326883	-0,225651	20,750000	12,933500	0,000000	55567,900000	-0,913451	-0,020049	0,000000	43,671000
-0,217922	-0,101232	-0,217922	-0,116690	19,650000	12,890785	0,000000	55587,550000	-0,870539	-0,020245	0,000000	43,965750
-0,326883	-0,202465	-0,326883	-0,124418	29,350000	12,894877	0,000000	55616,900000	-0,874338	-0,020539	0,000000	44,406000
-0,326883	-0,202465	-0,326883	-0,124418	19,100000	12,895543	0,000000	55636,000000	-0,874813	-0,020730	0,000000	44,692500
-0,217922	-0,202465	-0,217922	-0,015457	20,750000	12,852457	0,000000	55656,750000	-0,831519	-0,020937	0,000000	45,000000
-0,326883	-0,202465	-0,326883	-0,124418	19,550000	12,896510	0,000000	55676,300000	-0,875377	-0,021133	0,000000	45,000000
-0,326883	-0,202465	-0,326883	-0,124418	20,650000	12,897230	0,000000	55696,950000	-0,875891	-0,021339	0,000000	45,000000
-0,326883	-0,202465	-0,326883	-0,124418	24,800000	12,898096	0,000000	55721,750000	-0,876508	-0,021587	0,000000	45,000000
-0,326883	-0,202465	-0,326883	-0,124418	19,900000	12,898790	0,000000	55741,650000	-0,877003	-0,021786	0,000000	45,000000
-0,326883	-0,202465	-0,326883	-0,124418	19,650000	12,899475	0,000000	55761,300000	-0,877492	-0,021983	0,000000	45,000000
-0,326883	-0,202465	-0,326883	-0,124418	20,450000	12,900189	0,000000	55781,750000	-0,878001	-0,022187	0,000000	45,000000
-0,326883	-0,202465	-0,326883	-0,124418	19,650000	0,000000	0,000000	55801,400000	-0,050256	-0,000196	0,000000	44,705250
-0,326883	-0,202465	-0,326883	-0,124418	20,600000	0,000000	0,000000	55822,000000	-0,050280	-0,000206	0,000000	44,396250
-0,326883	-0,202465	-0,326883	-0,124418	19,100000	0,000000	0,000000	55841,100000	-0,050243	-0,000191	0,000000	44,109750
-0,326883	-0,202465	-0,326883	-0,124418	20,750000	0,000000	0,000000	55861,850000	-0,050284	-0,000207	0,000000	43,798500
-0,326883	-0,202465	-0,326883	-0,124418	19,950000	0,000000	0,000000	55881,800000	-0,050264	-0,000199	0,000000	43,499250
-0,326883	-0,202465	-0,326883	-0,124418	19,950000	0,000000	0,000000	55901,750000	-0,050264	-0,000199	0,000000	43,200000
-0,326883	-0,202465	-0,326883	-0,124418	37,450000	0,000000	0,000000	55939,200000	-0,050699	-0,000374	0,000000	42,638250
-0,326883	-0,202465	-0,326883	-0,124418	20,400000	0,000000	0,000000	55959,600000	-0,050275	-0,000204	0,000000	42,332250
-0,326883	-0,202465	-0,326883	-0,124418	19,150000	0,000000	0,000000	55978,750000	-0,050244	-0,000191	0,000000	42,045000
-0,326883	-0,202465	-0,326883	-0,124418	20,700000	0,000000	0,000000	55999,450000	-0,050282	-0,000207	0,000000	41,734500
-0,326883	-0,202465	-0,326883	-0,124418	19,800000	0,000000	0,000000	56019,250000	-0,050260	-0,000198	0,000000	41,437500
-0,326883	-0,202465	-0,326883	-0,124418	21,950000	0,000000	0,000000	56041,200000	-0,050313	-0,000219	0,000000	41,108250
-0,326883	-0,202465	-0,326883	-0,124418	18,950000	0,000000	0,000000	56060,150000	-0,050239	-0,000189	0,000000	40,824000
-0,326883	-0,202465	-0,326883	-0,124418	20,500000	0,000000	0,000000	56080,650000	-0,050277	-0,000205	0,000000	40,516500
-0,326883	-0,202465	-0,326883	-0,124418	19,200000	0,000000	0,000000	56099,850000	-0,050245	-0,000192	0,000000	40,228500
-0,326883	-0,202465	-0,326883	-0,124418	20,650000	0,000000	0,000000	56120,500000	-0,050281	-0,000206	0,000000	39,918750
-0,326883	-0,202465	-0,326883	-0,124418	27,800000	0,000000	0,000000	56148,300000	-0,050459	-0,000278	0,000000	39,501750
-0,326883	-0,202465	-0,326883	-0,124418	20,350000	12,051447	0,000000	56168,650000	-0,050965	-0,000481	0,000000	39,807000
-0,326883	-0,202465	-0,326883	-0,124418	19,550000	12,052129	0,000000	56188,200000	-0,051452	-0,000677	0,000000	40,100250
-0,326883	-0,202465	-0,326883	-0,124418	20,400000	12,052840	0,000000	56208,600000	-0,051959	-0,000881	0,000000	40,406250
-0,326883	-0,202465	-0,326883	-0,124418	19,750000	12,053529	0,000000	56228,350000	-0,052451	-0,001078	0,000000	40,702500
-0,326883	-0,202465	-0,326883	-0,124418	29,900000	12,054572	0,000000	56258,250000	-0,053195	-0,001377	0,000000	41,151000
-0,326883	-0,202465	-0,326883	-0,124418	19,800000	12,055263	0,000000	56278,050000	-0,053688	-0,001575	0,000000	41,448000
-0,326883	-0,202465	-0,326883	-0,124418	19,550000	12,055945	0,000000	56297,600000	-0,054174	-0,001771	0,000000	41,741250
-0,326883	-0,202465	-0,326883	-0,124418	20,400000	12,056657	0,000000	56318,000000	-0,054682	-0,001975	0,000000	42,047250
-0,326883	-0,202465	-0,326883	-0,124418	19,550000	12,057339	0,000000	56337,550000	-0,055168	-0,002170	0,000000	42,340500
-0,326883	-0,202465	-0,326883	-0,124418	25,200000	12,058218	0,000000	56362,750000	-0,055795	-0,002422	0,000000	42,718500
-0,326883	-0,202465	-0,326883	-0,124418	18,750000	12,058872	0,000000	56381,500000	-0,056262	-0,002610	0,000000	42,999750
-0,326883	-0,202465	-0,326883	-0,124418	20,450000	12,059585	0,000000	56401,950000	-0,056771	-0,002814	0,000000	43,306500
-0,326883	-0,202465	-0,326883	-0,124418	19,550000	12,060267	0,000000	56421,500000	-0,057257	-0,003010	0,000000	43,599750
-0,326883	-0,202465	-0,326883	-0,124418	20,550000	12,060984	0,000000	56442,050000	-0,057769	-0,003215	0,000000	43,908000
-0,326883	-0,202465	-0,326883	-0,124418	25,500000	12,061874	0,000000	56467,550000	-0,058403	-0,003470	0,000000	44,290500
-0,326883	-0,202465	-0,326883	-0,124418	20,400000	12,062585	0,000000	56487,950000	-0,058911	-0,003674	0,000000	44,596500
-0,326883	-0,202465	-0,326883	-0,124418	19,150000	12,063253	0,000000	56507,100000	-0,059387	-0,003866	0,000000	44,883750
-0,326883	-0,202465	-0,326883	-0,124418	20,650000	12,063974	0,000000	56527,750000	-0,059901	-0,004072	0,000000	45,000000
-0,326883	-0,202465	-0,326883	-0,124418	19,850000	12,064666	0,000000	56547,600000	-0,060395	-0,004271	0,000000	45,000000
-0,326883	-0,202465	-0,326883	-0,124418	29,150000	12,065683	0,000000	56576,750000	-0,061120	-0,004562	0,000000	45,000000
-0,326883	-0,202465	-0,326883	-0,124418	18,700000	12,066335	0,000000	56595,450000	-0,061586	-0,004749	0,000000	45,000000
-0,326883	-0,202465	-0,326883	-0,124418	20,350000	12,067045	0,000000	56615,800000	-0,062092	-0,004953	0,000000	45,000000
-0,326883	-0,202465	-0,326883	-0,124418	19,600000	12,067729	0,000000	56635,400000	-0,062580	-0,005149	0,000000	45,000000
-0,326883	-0,202465	-0,326883	-0,124418	20,600000	12,068447	0,000000	56656,000000	-0,063092	-0,005355	0,000000	45,000000
-0,326883	-0,202465	-0,326883	-0,124418	26,250000	12,069363	0,000000	56682,250000	-0,063746	-0,005617	0,000000	45,000000
-0,326883	-0,202465	-0,326883	-0,124418	20,500000	12,070078	0,000000	56702,750000	-0,064256	-0,005822	0,000000	45,000000
-0,326883	-0,202465	-0,326883	-0,124418	18,300000	12,070717	0,000000	56721,050000	-0,064711	-0,006005	0,000000	45,000000
-0,326883	-0,202465	-0,326883	-0,124418	20,700000	12,071439	0,000000	56741,750000	-0,065226	-0,006212	0,000000	45,000000
-0,326883	-0,202465	-0,326883	-0,124418	19,750000	12,072128	0,000000	56761,500000	-0,065718	-0,006410	0,000000	45,000000
-0,326883	-0,202465	-0,326883	-0,124418	28,700000	12,073129	0,000000	56790,200000	-0,066432	-0,006697	0,000000	45,000000
-0,326883	-0,202465	-0,326883	-0,124418	19,050000	12,073793	0,000000	56809,250000	-0,066906	-0,006887	0,000000	45,000000
-0,326883	-0,202465	-0,326883	-0,124418	20,550000	12,074510	0,000000	56829,800000	-0,067417	-0,007093	0,000000	45,000000
-0,326883	-0,202465	-0,326883	-0,124418	19,150000	12,075178	0,000000	56848,950000	-0,067894	-0,007284	0,000000	45,000000
-0,326883	-0,202465	-0,326883	-0,124418	20,700000	12,075900	0,000000	56869,650000	-0,068409	-0,007491	0,000000	45,000000
-0,326883	-0,202465	-0,326883	-0,124418	27,950000	12,076875	0,000000	56897,600000	-0,069104	-0,007771	0,000000	45,000000
-0,326883	-0,202465	-0,326883	-0,124418	19,900000	12,077569	0,000000	56917,500000	-0,069599	-0,007970	0,000000	45,000000
-0,326883	-0,202465	-0,326883	-0,124418	20,700000	12,078292	0,000000	56938,200000	-0,070115	-0,008177	0,000000	45,000000
-0,326883	-0,202465	-0,326883	-0,124418	19,500000	12,078972	0,000000	56957,700000	-0,070600	-0,008372	0,000000	45,000000
-0,326883	-0,202465	-0,326883	-0,124418	19,550000	12,079654	0,000000	56977,250000	-0,071086	-0,008567	0,000000	45,000000
-0,326883	-0,202465	-0,326883	-0,124418	27,050000	12,080597	0,000000	57004,300000	-0,071759	-0,008838	0,000000	45,000000
-0,326883	-0,202465	-0,326883	-0,124418	20,750000	12,081321	0,000000	57025,050000	-0,072276	-0,009045	0,000000	45,000000
-0,326883	-0,202465	-0,326883	-0,124418	19,550000	12,082003	0,000000	57044,600000	-0,072762	-0,009241	0,000000	45,000000
-0,326883	-0,202465	-0,326883	-0,124418	19,550000	12,082685	0,000000	57064,150000	-0,073249	-0,009436	0,000000	45,000000
-0,326883	-0,202465	-0,326883	-0,124418	20,550000	12,083402	0,000000	57084,700000	-0,073760	-0,009642	0,000000	45,000000
-0,326883	-0,202465	-0,326883	-0,124418	27,150000	12,084349	0,000000	57111,850000	-0,074436	-0,009913	0,000000	45,000000
-0,326883	-0,202465	-0,326883	-0,124418	18,350000	12,084989	0,000000	57130,200000	-0,074892	-0,010097	0,000000	45,000000
-0,326883	-0,202465	-0,326883	-0,124418	20,750000	12,085713	0,000000	57150,950000	-0,075409	-0,010304	0,000000	45,000000
-0,326883	-0,202465	-0,326883	-0,124418	19,600000	12,086397	0,000000	57170,550000	-0,075896	-0,010500	0,000000	45,000000
-0,326883	-0,202465	-0,326883	-0,124418	19,650000	12,087082	0,000000	57190,200000	-0,076385	-0,010697	0,000000	45,000000
-0,326883	-0,202465	-0,326883	-0,124418	26,900000	12,088021	0,000000	57217,100000	-0,077055	-0,010966	0,000000	45,000000
-0,326883	-0,202465	-0,326883	-0,124418	19,850000	12,088713	0,000000	57236,950000	-0,077549	-0,011164	0,000000	45,000000
-0,326883	-0,202465	-0,326883	-0,124418	19,550000	12,089395	0,000000	57256,500000	-0,078035	-0,011360	0,000000	45,000000
-0,326883	-0,202465	-0,326883	-0,124418	20,550000	12,090112	0,000000	57277,050000	-0,078546	-0,011565	0,000000	45,000000
-0,326883	-0,202465	-0,326883	-0,124418	19,600000	12,090796	0,000000	57296,650000	-0,079034	-0,011761	0,000000	45,000000
-0,326883	-0,202465	-0,326883	-0,124418	28,450000	12,091788	0,000000	57325,100000	-0,079742	-0,012046	0,000000	45,000000
-0,326883	-0,202465	-0,326883	-0,124418	19,100000	12,092454	0,000000	57344,200000	-0,080217	-0,012237	0,000000	45,000000
-0,326883	-0,202465	-0,326883	-0,124418	20,700000	12,093176	0,000000	57364,900000	-0,080732	-0,012444	0,000000	45,000000
-0,326883	-0,202465	-0,326883	-0,124418	19,550000	12,093858	0,000000	57384,450000	-0,081219	-0,012639	0,000000	45,000000
-0,326883	-0,202465	-0,326883	-0,124418	20,600000	12,094577	0,000000	57405,050000	-0,081731	-0,012845	0,000000	45,000000
-0,326883	-0,202465	-0,326883	-0,124418	25,500000	12,095467	0,000000	57430,550000	-0,082366	-0,013100	0,000000	45,000000
-0,326883	-0,202465	-0,326883	-0,124418	20,300000	12,096175	0,000000	57450,850000	-0,082871	-0,013303	0,000000	45,000000
-0,326883	-0,202465	-0,326883	-0,124418	19,550000	12,096857	0,000000	57470,400000	-0,083358	-0,013499	0,000000	45,000000
-0,326883	-0,202465	-0,326883	-0,124418	20,500000	12,097572	0,000000	57490,900000	-0,083868	-0,013704	0,000000	45,000000
-0,326883	-0,202465	-0,326883	-0,124418	19,600000	12,098255	0,000000	57510,500000	-0,084355	-0,013900	0,000000	45,000000
-0,326883	-0,202465	-0,326883	-0,124418	27,750000	12,099223	0,000000	57538,250000	-0,085046	-0,014177	0,000000	45,000000
-0,326883	-0,202465	-0,326883	-0,124418	19,050000	12,099888	0,000000	57557,300000	-0,085520	-0,014368	0,000000	45,000000
-0,326883	-0,202465	-0,326883	-0,124418	20,550000	12,100605	0,000000	57577,850000	-0,086031	-0,014573	0,000000	45,000000
-0,326883	-0,202465	-0,326883	-0,124418	19,500000	12,101285	0,000000	57597,350000	-0,086517	-0,014768	0,000000	45,000000
-0,326883	-0,202465	-0,326883	-0,124418	21,500000	12,102035	0,000000	57618,850000	-0,087052	-0,014983	0,000000	45,000000
-0,326883	-0,202465	-0,326883	-0,124418	27,900000	12,103008	0,000000	57646,750000	-0,087746	-0,015262	0,000000	45,000000
-0,326883	-0,202465	-0,326883	-0,124418	19,850000	12,103701	0,000000	57666,600000	-0,088240	-0,015461	0,000000	45,000000
-0,326883	-0,202465	-0,326883	-0,124418	19,700000	12,104388	0,000000	57686,300000	-0,088730	-0,015658	0,000000	45,000000
-0,326883	-0,202465	-0,326883	-0,124418	20,350000	12,105098	0,000000	57706,650000	-0,089236	-0,015861	0,000000	45,000000
-0,326883	-0,202465	-0,326883	-0,124418	19,850000	12,105790	0,000000	57726,500000	-0,089730	-0,016060	0,000000	45,000000
-0,326883	-0,202465	-0,326883	-0,124418	28,700000	12,106791	0,000000	57755,200000	-0,090444	-0,016347	0,000000	45,000000
-0,326883	-0,202465	-0,326883	-0,124418	19,900000	12,107486	0,000000	57775,100000	-0,090940	-0,016546	0,000000	45,000000
-0,326883	-0,202465	-0,326883	-0,124418	19,150000	12,108154	0,000000	57794,250000	-0,091416	-0,016737	0,000000	45,000000
-0,326883	-0,202465	-0,326883	-0,124418	19,850000	12,108846	0,000000	57814,100000	-0,091910	-0,016936	0,000000	45,000000
-0,326883	-0,202465	-0,326883	-0,124418	22,100000	12,109617	0,000000	57836,200000	-0,092460	-0,017157	0,000000	45,000000
-0,326883	-0,202465	-0,326883	-0,124418	24,550000	12,110473	0,000000	57860,750000	-0,093071	-0,017402	0,000000	45,000000
-0,326883	-0,202465	-0,326883	-0,124418	18,850000	12,111131	0,000000	57879,600000	-0,093540	-0,017591	0,000000	45,000000
-0,326883	-0,202465	-0,326883	-0,124418	20,500000	12,111846	0,000000	57900,100000	-0,094050	-0,017796	0,000000	45,000000
-0,326883	-0,202465	-0,326883	-0,124418	19,550000	12,112528	0,000000	57919,650000	-0,094537	-0,017991	0,000000	45,000000
-0,326883	-0,202465	-0,326883	-0,124418	19,650000	12,113214	0,000000	57939,300000	-0,095026	-0,018188	0,000000	45,000000
-0,326883	-0,202465	-0,326883	-0,124418	26,250000	12,114129	0,000000	57965,550000	-0,095679	-0,018450	0,000000	45,000000
-0,326883	-0,202465	-0,326883	-0,124418	20,600000	12,114848	0,000000	57986,150000	-0,096191	-0,018656	0,000000	45,000000
-0,326883	-0,202465	-0,326883	-0,124418	19,100000	12,115514	0,000000	58005,250000	-0,096667	-0,018847	0,000000	45,000000
-0,326883	-0,202465	-0,326883	-0,124418	20,700000	12,116236	0,000000	58025,950000	-0,097182	-0,019054	0,000000	45,000000
-0,326883	-0,202465	-0,326883	-0,124418	19,800000	12,116927	0,000000	58045,750000	-0,097674	-0,019252	0,000000	45,000000
-0,326883	-0,202465	-0,326883	-0,124418	27,850000	12,117898	0,000000	58073,600000	-0,098367	-0,019531	0,000000	45,000000
-0,326883	-0,202465	-0,326883	-0,124418	18,850000	0,000000	0,000000	58092,450000	-0,050236	-0,000188	0,000000	44,717250
-0,326883	-0,202465	-0,326883	-0,124418	20,650000	0,000000	0,000000	58113,100000	-0,050281	-0,000206	0,000000	44,407500
-0,326883	-0,202465	-0,326883	-0,124418	19,500000	0,000000	0,000000	58132,600000	-0,050252	-0,000195	0,000000	44,115000
-0,326883	-0,202465	-0,326883	-0,124418	22,300000	0,000000	0,000000	58154,900000	-0,050322	-0,000223	0,000000	43,780500
-0,326883	-0,202465	-0,326883	-0,124418	28,500000	0,000000	0,000000	58183,400000	-0,050476	-0,000285	0,000000	43,353000
-0,326883	-0,202465	-0,326883	-0,124418	20,400000	0,000000	0,000000	58203,800000	-0,050275	-0,000204	0,000000	43,047000
-0,326883	-0,202465	-0,326883	-0,124418	19,500000	0,000000	0,000000	58223,300000	-0,050252	-0,000195	0,000000	42,754500
-0,326883	-0,202465	-0,326883	-0,124418	20,550000	0,000000	0,000000	58243,850000	-0,050279	-0,000205	0,000000	42,446250
-0,326883	-0,202465	-0,326883	-0,124418	19,550000	0,000000	0,000000	58263,400000	-0,050254	-0,000195	0,000000	42,153000
-0,326883	-0,202465	-0,326883	-0,124418	27,950000	0,000000	0,000000	58291,350000	-0,050463	-0,000279	0,000000	41,733750
-0,326883	-0,202465	-0,326883	-0,124418	21,900000	0,000000	0,000000	58313,250000	-0,050312	-0,000219	0,000000	41,405250
-0,326883	-0,202465	-0,326883	-0,124418	17,500000	0,000000	0,000000	58330,750000	-0,050203	-0,000175	0,000000	41,142750
-0,326883	-0,202465	-0,326883	-0,124418	19,550000	0,000000	0,000000	58350,300000	-0,050254	-0,000195	0,000000	40,849500
-0,326883	-0,202465	-0,326883	-0,124418	20,650000	0,000000	0,000000	58370,950000	-0,050281	-0,000206	0,000000	40,539750
-0,326883	-0,202465	-0,326883	-0,124418	24,650000	0,000000	0,000000	58395,600000	-0,050381	-0,000246	0,000000	40,170000
-0,326883	-0,202465	-0,326883	-0,124418	19,850000	0,000000	0,000000	58415,450000	-0,050261	-0,000198	0,000000	39,872250
-0,326883	-0,202465	-0,326883	-0,124418	19,850000	0,000000	0,000000	58435,300000	-0,050261	-0,000198	0,000000	39,574500
-0,326883	-0,202465	-0,326883	-0,124418	20,500000	0,000000	0,000000	58455,800000	-0,050277	-0,000205	0,000000	39,267000
-0,326883	-0,202465	-0,326883	-0,124418	19,600000	0,000000	0,000000	58475,400000	-0,050255	-0,000196	0,000000	38,973000
-0,326883	-0,202465	-0,326883	-0,124418	20,500000	0,000000	0,000000	58495,900000	-0,050277	-0,000205	0,000000	38,665500
-0,326883	-0,202465	-0,326883	-0,124418	19,500000	0,000000	0,000000	58515,400000	-0,050252	-0,000195	0,000000	38,373000
-0,326883	-0,202465	-0,326883	-0,124418	20,500000	0,000000	0,000000	58535,900000	-0,050277	-0,000205	0,000000	38,065500
-0,326883	-0,202465	-0,326883	-0,124418	19,200000	0,000000	0,000000	58555,100000	-0,050245	-0,000192	0,000000	37,777500
-0,326883	-0,202465	-0,326883	-0,124418	20,650000	0,000000	0,000000	58575,750000	-0,050281	-0,000206	0,000000	37,467750
-0,326883	-0,202465	-0,326883	-0,124418	19,900000	0,000000	0,000000	58595,650000	-0,050262	-0,000199	0,000000	37,169250
-0,326883	-0,202465	-0,326883	-0,124418	20,300000	0,000000	0,000000	58615,950000	-0,050272	-0,000203	0,000000	36,864750
-0,326883	-0,202465	-0,326883	-0,124418	19,550000	0,000000	0,000000	58635,500000	-0,050254	-0,000195	0,000000	36,571500
-0,326883	-0,202465	-0,326883	-0,124418	20,500000	0,000000	0,000000	58656,000000	-0,050277	-0,000205	0,000000	36,264000
-0,326883	-0,202465	-0,326883	-0,124418	19,600000	0,000000	0,000000	58675,600000	-0,050255	-0,000196	0,000000	35,970000
-0,326883	-0,202465	-0,326883	-0,124418	20,500000	0,000000	0,000000	58696,100000	-0,050277	-0,000205	0,000000	35,662500
-0,326883	-0,202465	-0,326883	-0,124418	19,600000	0,000000	0,000000	58715,700000	-0,050255	-0,000196	0,000000	35,368500
-0,326883	-0,202465	-0,326883	-0,124418	21,500000	0,000000	0,000000	58737,200000	-0,050302	-0,000215	0,000000	35,046000
-0,326883	-0,202465	-0,326883	-0,124418	18,300000	0,000000	0,000000	58755,500000	-0,050223	-0,000183	0,000000	34,771500
-0,326883	-0,202465	-0,326883	-0,124418	20,650000	0,000000	0,000000	58776,150000	-0,050281	-0,000206	0,000000	34,461750
-0,326883	-0,202465	-0,326883	-0,124418	19,600000	0,000000	0,000000	58795,750000	-0,050255	-0,000196	0,000000	34,167750
-0,326883	-0,202465	-0,326883	-0,124418	27,150000	0,000000	0,000000	58822,900000	-0,050443	-0,000271	0,000000	33,760500
-0,326883	-0,202465	-0,326883	-0,124418	20,400000	0,000000	0,000000	58843,300000	-0,050275	-0,000204	0,000000	33,454500
-0,326883	-0,202465	-0,326883	-0,124418	18,800000	0,000000	0,000000	58862,100000	-0,050235	-0,000188	0,000000	33,172500
-0,326883	-0,202465	-0,326883	-0,124418	19,150000	0,000000	0,000000	58881,250000	-0,050244	-0,000191	0,000000	32,885250
-0,326883	-0,202465	-0,326883	-0,124418	20,750000	0,000000	0,000000	58902,000000	-0,050284	-0,000207	0,000000	32,574000
-0,326883	-0,202465	-0,326883	-0,124418	27,000000	0,000000	0,000000	58929,000000	-0,050439	-0,000270	0,000000	32,169000
-0,326883	-0,202465	-0,326883	-0,124418	19,900000	0,000000	0,000000	58948,900000	-0,050262	-0,000199	0,000000	31,870500
-0,326883	-0,202465	-0,326883	-0,124418	19,550000	0,000000	0,000000	58968,450000	-0,050254	-0,000195	0,000000	31,577250
-0,326883	-0,202465	-0,326883	-0,124418	20,600000	0,000000	0,000000	58989,050000	-0,050280	-0,000206	0,000000	31,268250
-0,326883	-0,202465	-0,326883	-0,124418	19,550000	0,000000	0,000000	59008,600000	-0,050254	-0,000195	0,000000	30,975000
-0,326883	-0,202465	-0,326883	-0,124418	29,500000	0,000000	0,000000	59038,100000	-0,050501	-0,000295	0,000000	30,532500
-0,326883	-0,202465	-0,326883	-0,124418	19,100000	0,000000	0,000000	59057,200000	-0,050243	-0,000191	0,000000	30,246000
-0,326883	-0,202465	-0,326883	-0,124418	20,700000	0,000000	0,000000	59077,900000	-0,050282	-0,000207	0,000000	29,935500
-0,326883	-0,202465	-0,326883	-0,124418	19,500000	0,000000	0,000000	59097,400000	-0,050252	-0,000195	0,000000	29,643000
-0,326883	-0,202465	-0,326883	-0,124418	21,500000	0,000000	0,000000	59118,900000	-0,050302	-0,000215	0,000000	29,320500
-0,326883	-0,202465	-0,326883	-0,124418	26,350000	0,000000	0,000000	59145,250000	-0,050423	-0,000263	0,000000	28,925250
-0,326883	-0,101232	-0,326883	-0,225651	19,550000	0,000000	0,000000	59164,800000	-0,090945	-0,000195	0,000000	28,632000
-0,326883	-0,101232	-0,326883	-0,225651	19,550000	0,000000	0,000000	59184,350000	-0,091143	-0,000195	0,000000	28,338750
-0,326883	-0,101232	-0,326883	-0,225651	20,500000	0,000000	0,000000	59204,850000	-0,091185	-0,000205	0,000000	28,031250
-0,326883	-0,101232	-0,326883	-0,225651	19,650000	0,000000	0,000000	59224,500000	-0,091147	-0,000196	0,000000	27,736500
-0,326883	-0,101232	-0,326883	-0,225651	25,500000	0,000000	0,000000	59250,000000	-0,091411	-0,000255	0,000000	27,354000
-0,326883	-0,101232	-0,326883	-0,225651	19,050000	0,000000	0,000000	59269,050000	-0,091120	-0,000190	0,000000	27,068250
-0,326883	-0,101232	-0,326883	-0,225651	20,700000	0,000000	0,000000	59289,750000	-0,091194	-0,000207	0,000000	26,757750
-0,326883	-0,101232	-0,326883	-0,225651	19,600000	0,000000	0,000000	59309,350000	-0,091145	-0,000196	0,000000	26,463750
-0,326883	0,000000	26,154000	26,154000	20,650000	0,000000	0,000000	59330,000000	10,515142	0,000000	0,000000	26,154000
-0,272403	0,000000	25,283250	25,283250	58,050000	0,000000	0,000000	59388,050000	10,411893	0,000580	0,000000	25,283250
-0,326883	0,000000	25,254000	25,254000	1,950000	0,000000	0,000000	59390,000000	10,111455	0,000019	0,000000	25,254000
-0,326883	0,000000	24,943500	24,943500	20,700000	0,000000	0,000000	59410,700000	10,081309	0,000207	0,000000	24,943500
-0,326883	0,000000	24,659250	24,659250	18,950000	0,000000	0,000000	59429,650000	9,957697	0,000189	0,000000	24,659250
-0,326883	0,000000	24,042000	24,042000	41,150000	0,000000	0,000000	59470,800000	9,817206	0,000411	0,000000	24,042000
-0,326883	0,000000	23,780250	23,780250	17,450000	0,000000	0,000000	59488,250000	9,595550	0,000174	0,000000	23,780250
-0,326883	0,000000	23,487750	23,487750	19,500000	0,000000	0,000000	59507,750000	9,487273	0,000195	0,000000	23,487750
-0,326883	0,000000	23,178000	23,178000	20,650000	0,000000	0,000000	59528,400000	9,367565	0,000206	0,000000	23,178000
-0,326883	0,000000	22,891500	22,891500	19,100000	0,000000	0,000000	59547,500000	9,244593	0,000191	0,000000	22,891500
-0,326883	0,000000	22,581000	22,581000	20,700000	0,000000	0,000000	59568,200000	9,126528	0,000207	0,000000	22,581000
-0,326883	0,000000	22,288500	22,288500	19,500000	0,000000	0,000000	59587,700000	9,002896	0,000195	0,000000	22,288500
-0,326883	0,000000	21,993750	21,993750	19,650000	0,000000	0,000000	59607,350000	8,884515	0,000196	0,000000	21,993750
-0,326883	0,000000	21,687000	21,687000	20,450000	0,000000	0,000000	59627,800000	8,764127	0,000204	0,000000	21,687000
-0,326883	0,000000	21,392250	21,392250	19,650000	0,000000	0,000000	59647,450000	8,641551	0,000196	0,000000	21,392250
-0,326883	0,000000	21,087000	21,087000	20,350000	0,000000	0,000000	59667,800000	8,521245	0,000203	0,000000	21,087000
-0,217922	0,000000	20,793750	20,793750	19,550000	0,000000	0,000000	59687,350000	8,399377	0,000195	0,000000	20,793750
-0,326883	0,000000	20,487750	20,487750	20,400000	0,000000	0,000000	59707,750000	8,279314	0,000204	0,000000	20,487750
-0,326883	0,000000	20,194500	20,194500	19,550000	0,000000	0,000000	59727,300000	8,157334	0,000195	0,000000	20,194500
-0,326883	0,000000	19,886250	19,886250	20,550000	0,000000	0,000000	59747,850000	8,036866	0,000205	0,000000	19,886250
-0,326883	0,000000	19,592250	19,592250	19,600000	0,000000	0,000000	59767,450000	7,914278	0,000196	0,000000	19,592250
-0,326883	0,000000	19,284750	19,284750	20,500000	0,000000	0,000000	59787,950000	7,793598	0,000205	0,000000	19,284750
-0,326883	0,000000	18,992250	18,992250	19,500000	0,000000	0,000000	59807,450000	7,671540	0,000195	0,000000	18,992250
-0,326883	0,000000	18,685500	18,685500	20,450000	0,000000	0,000000	59827,900000	7,551251	0,000204	0,000000	18,685500
-0,326883	0,000000	18,393000	18,393000	19,500000	0,000000	0,000000	59847,400000	7,429503	0,000195	0,000000	18,393000
-0,326883	0,000000	18,069750	18,069750	21,550000	0,000000	0,000000	59868,950000	7,306477	0,000215	0,000000	18,069750
-0,217922	0,000000	17,736000	17,736000	22,250000	0,000000	0,000000	59891,200000	7,174068	0,000222	0,000000	17,736000
-0,326883	0,000000	17,439750	17,439750	19,750000	0,000000	0,000000	59910,950000	7,045372	0,000197	0,000000	17,439750
-0,326883	0,000000	17,147250	17,147250	19,500000	0,000000	0,000000	59930,450000	6,926345	0,000195	0,000000	17,147250
-0,326883	0,000000	16,839000	16,839000	20,550000	0,000000	0,000000	59951,000000	6,805442	0,000205	0,000000	16,839000
-0,326883	0,000000	16,544250	16,544250	19,650000	0,000000	0,000000	59970,650000	6,683298	0,000196	0,000000	16,544250
-0,326883	0,000000	16,068000	16,068000	31,750000	0,000000	0,000000	60002,400000	6,530744	0,000317	0,000000	16,068000
-0,326883	0,000000	15,816750	15,816750	16,750000	0,000000	0,000000	60019,150000	6,380107	0,000167	0,000000	15,816750
-0,326883	0,000000	15,507000	15,507000	20,650000	0,000000	0,000000	60039,800000	6,267484	0,000206	0,000000	15,507000
-0,326883	0,000000	15,212250	15,212250	19,650000	0,000000	0,000000	60059,450000	6,145263	0,000196	0,000000	15,212250
-0,326883	0,000000	14,904000	14,904000	20,550000	0,000000	0,000000	60080,000000	6,023489	0,000205	0,000000	14,904000
-0,326883	0,000000	14,477250	14,477250	28,450000	0,000000	0,000000	60108,450000	5,874490	0,000284	0,000000	14,477250
-0,217922	0,000000	14,202750	14,202750	18,300000	0,000000	0,000000	60126,750000	5,733584	0,000183	0,000000	14,202750
-0,326883	0,000000	13,908750	13,908750	19,600000	0,000000	0,000000	60146,350000	5,618599	0,000196	0,000000	13,908750
-0,326883	0,000000	13,602000	13,602000	20,450000	0,000000	0,000000	60166,800000	5,497059	0,000204	0,000000	13,602000
-0,217922	0,000000	13,307250	13,307250	19,650000	0,000000	0,000000	60186,450000	5,375777	0,000196	0,000000	13,307250
-0,326883	0,000000	12,888000	12,888000	27,950000	0,000000	0,000000	60214,400000	5,228416	0,000279	0,000000	12,888000
-0,326883	0,000000	12,637500	12,637500	16,700000	0,000000	0,000000	60231,100000	5,097628	0,000167	0,000000	12,637500
-0,217922	0,000000	12,327000	12,327000	20,700000	0,000000	0,000000	60251,800000	4,982477	0,000207	0,000000	12,327000
-0,326883	0,000000	12,033000	12,033000	19,600000	0,000000	0,000000	60271,400000	4,860946	0,000196	0,000000	12,033000
-0,326883	0,000000	11,723250	11,723250	20,650000	0,000000	0,000000	60292,050000	4,738357	0,000206	0,000000	11,723250
-0,326883	0,000000	11,257500	11,257500	31,050000	0,000000	0,000000	60323,100000	4,574355	0,000310	0,000000	11,257500
-0,326883	0,000000	10,983000	10,983000	18,300000	0,000000	0,000000	60341,400000	4,433900	0,000183	0,000000	10,983000
-0,326883	0,000000	10,672500	10,672500	20,700000	0,000000	0,000000	60362,100000	4,313827	0,000207	0,000000	10,672500
-0,326883	0,000000	10,378500	10,378500	19,600000	0,000000	0,000000	60381,700000	4,192660	0,000196	0,000000	10,378500
-0,326883	0,000000	10,070250	10,070250	20,550000	0,000000	0,000000	60402,250000	4,070122	0,000205	0,000000	10,070250
-0,326883	0,000000	9,711000	9,711000	23,950000	0,000000	0,000000	60426,200000	3,931776	0,000239	0,000000	9,711000
-0,326883	0,000000	9,412500	9,412500	19,900000	0,000000	0,000000	60446,100000	3,803056	0,000199	0,000000	9,412500
-0,326883	0,000000	9,118500	9,118500	19,600000	0,000000	0,000000	60465,700000	3,683721	0,000196	0,000000	9,118500
-0,326883	0,000000	8,812500	8,812500	20,400000	0,000000	0,000000	60486,100000	3,561579	0,000204	0,000000	8,812500
-0,326883	0,000000	8,517750	8,517750	19,650000	0,000000	0,000000	60505,750000	3,441154	0,000196	0,000000	8,517750
-0,326883	0,000000	8,075250	8,075250	29,500000	0,000000	0,000000	60535,250000	3,279049	0,000295	0,000000	8,075250
-0,326883	0,000000	7,801500	7,801500	18,250000	0,000000	0,000000	60553,500000	3,149575	0,000182	0,000000	7,801500
-0,326883	0,000000	7,492500	7,492500	20,600000	0,000000	0,000000	60574,100000	3,028506	0,000206	0,000000	7,492500
-0,326883	0,000000	7,200000	7,200000	19,500000	0,000000	0,000000	60593,600000	2,908650	0,000195	0,000000	7,200000
-0,326883	0,000000	6,891000	6,891000	20,600000	0,000000	0,000000	60614,200000	2,785427	0,000206	0,000000	6,891000
-0,326883	0,000000	6,495750	6,495750	26,350000	0,000000	0,000000	60640,550000	2,633574	0,000263	0,000000	6,495750
-0,326883	0,000000	6,189750	6,189750	20,400000	0,000000	0,000000	60660,950000	2,501778	0,000204	0,000000	6,189750
-0,326883	0,000000	5,896500	5,896500	19,550000	0,000000	0,000000	60680,500000	2,382229	0,000195	0,000000	5,896500
-0,326883	0,000000	5,589000	5,589000	20,500000	0,000000	0,000000	60701,000000	2,259145	0,000205	0,000000	5,589000
-0,326883	0,000000	5,295000	5,295000	19,600000	0,000000	0,000000	60720,600000	2,139333	0,000196	0,000000	5,295000
-0,217922	0,000000	4,864500	4,864500	28,700000	0,000000	0,000000	60749,300000	1,974958	0,000287	0,000000	4,864500
-0,326883	0,000000	4,578000	4,578000	19,100000	0,000000	0,000000	60768,400000	1,849235	0,000191	0,000000	4,578000
-0,326883	0,000000	4,269750	4,269750	20,550000	0,000000	0,000000	60788,950000	1,726082	0,000205	0,000000	4,269750
-0,326883	0,000000	3,982500	3,982500	19,150000	0,000000	0,000000	60808,100000	1,608803	0,000191	0,000000	3,982500
-0,326883	0,000000	3,671250	3,671250	20,750000	0,000000	0,000000	60828,850000	1,484382	0,000207	0,000000	3,671250
-0,272403	0,000000	3,243000	3,243000	28,550000	0,000000	0,000000	60857,400000	1,316940	0,000285	0,000000	3,243000
-0,217922	0,000000	2,937000	2,937000	20,400000	0,000000	0,000000	60877,800000	1,187407	0,000204	0,000000	2,937000
-0,326883	0,000000	2,614500	2,614500	21,500000	0,000000	0,000000	60899,300000	1,057736	0,000215	0,000000	2,614500
-0,217922	0,000000	2,340750	2,340750	18,250000	0,000000	0,000000	60917,550000	0,945343	0,000182	0,000000	2,340750
-0,326883	0,000000	2,042250	2,042250	19,900000	0,000000	0,000000	60937,450000	0,825622	0,000199	0,000000	2,042250
-0,326883	0,000000	1,659750	1,659750	25,500000	0,000000	0,000000	60962,950000	0,673340	0,000255	0,000000	1,659750
-0,326883	0,000000	1,373250	1,373250	19,100000	0,000000	0,000000	60982,050000	0,555093	0,000191	0,000000	1,373250
-0,326883	0,000000	1,025250	1,025250	23,200000	0,000000	0,000000	61005,250000	0,415665	0,000232	0,000000	1,025250
-0,326883	0,000000	0,768750	0,768750	17,100000	0,000000	0,000000	61022,350000	0,310568	0,000171	0,000000	0,768750
-0,326883	-0,050616	0,460500	0,511116	20,550000	0,000000	0,000000	61042,900000	0,207077	0,000205	0,000000	0,460500
-0,326883	0,000000	0,042000	0,042000	27,900000	0,000000	0,000000	61070,800000	0,018343	0,000279	0,000000	0,042000
-0,326883	0,000000	0,000000	0,000000	18,850000	0,000000	0,000000	61089,650000	0,000079	0,000000	0,000000	0,000000
-0,326883	0,000000	0,000000	0,000000	22,750000	0,000000	0,000000	61112,400000	0,000000	-0,000227	0,000000	0,000000
-0,326883	0,000000	0,000000	0,000000	17,350000	0,000000	0,000000	61129,750000	0,000000	-0,000173	0,000000	0,000000
-0,326883	0,000000	0,000000	0,000000	20,550000	0,000000	0,000000	61150,300000	0,000000	-0,000205	0,000000	0,000000
-0,272403	0,000000	0,000000	0,000000	25,500000	0,000000	0,000000	61175,800000	0,000000	-0,000255	0,000000	0,000000
-0,326883	0,000000	0,000000	0,000000	20,350000	0,000000	0,000000	61196,150000	0,000000	-0,000203	0,000000	0,000000
-0,326883	0,000000	0,000000	0,000000	21,400000	0,000000	0,000000	61217,550000	0,000000	-0,000214	0,000000	0,000000
-0,326883	0,000000	0,000000	0,000000	18,400000	0,000000	0,000000	61235,950000	0,000000	-0,000184	0,000000	0,000000
-0,326883	0,000000	0,000000	0,000000	19,900000	0,000000	0,000000	61255,850000	0,000000	-0,000199	0,000000	0,000000
-0,326883	0,000000	0,000000	0,000000	27,900000	0,000000	0,000000	61283,750000	0,000000	-0,000279	0,000000	0,000000
-0,326883	0,000000	0,000000	0,000000	18,850000	0,000000	0,000000	61302,600000	0,000000	-0,000188	0,000000	0,000000
-0,326883	0,000000	0,000000	0,000000	20,550000	0,000000	0,000000	61323,150000	0,000000	-0,000205	0,000000	0,000000
-0,272403	0,000000	0,000000	0,000000	19,500000	0,000000	0,000000	61342,650000	0,000000	-0,000195	0,000000	0,000000
-0,326883	0,000000	0,000000	0,000000	20,600000	0,000000	0,000000	61363,250000	0,000000	-0,000206	0,000000	0,000000
-0,326883	0,000000	0,000000	0,000000	26,750000	0,000000	0,000000	61390,000000	0,000000	-0,000267	0,000000	0,000000
-0,217922	0,000000	0,000000	0,000000	20,650000	0,000000	0,000000	61410,650000	0,000000	-0,000206	0,000000	0,000000
-0,326883	0,000000	0,000000	0,000000	18,900000	0,000000	0,000000	61429,550000	0,000000	-0,000189	0,000000	0,000000
-0,326883	0,000000	0,000000	0,000000	20,500000	0,000000	0,000000	61450,050000	0,000000	-0,000205	0,000000	0,000000
-0,326883	0,000000	0,000000	0,000000	19,600000	0,000000	0,000000	61469,650000	0,000000	-0,000196	0,000000	0,000000
-0,217922	0,000000	0,000000	0,000000	27,050000	0,000000	0,000000	61496,700000	0,000000	-0,000270	0,000000	0,000000
-0,326883	0,000000	0,000000	0,000000	18,800000	0,000000	0,000000	61515,500000	0,000000	-0,000188	0,000000	0,000000
-0,217922	0,000000	0,000000	0,000000	20,500000	0,000000	0,000000	61536,000000	0,000000	-0,000205	0,000000	0,000000
-0,326883	0,000000	0,000000	0,000000	19,500000	0,000000	0,000000	61555,500000	0,000000	-0,000195	0,000000	0,000000
-0,217922	0,000000	0,000000	0,000000	20,700000	0,000000	0,000000	61576,200000	0,000000	-0,000207	0,000000	0,000000
-0,326883	0,000000	0,000000	0,000000	29,450000	0,000000	0,000000	61605,650000	0,000000	-0,000294	0,000000	0,000000
-0,326883	0,000000	0,000000	0,000000	20,300000	0,000000	0,000000	61625,950000	0,000000	-0,000203	0,000000	0,000000
-0,326883	0,000000	0,000000	0,000000	19,500000	0,000000	0,000000	61645,450000	0,000000	-0,000195	0,000000	0,000000
-0,326883	0,000000	0,000000	0,000000	20,450000	0,000000	0,000000	61665,900000	0,000000	-0,000204	0,000000	0,000000
-0,217922	0,000000	0,000000	0,000000	19,650000	0,000000	0,000000	61685,550000	0,000000	-0,000196	0,000000	0,000000
-0,326883	0,000000	0,000000	0,000000	25,450000	0,000000	0,000000	61711,000000	0,000000	-0,000254	0,000000	0,000000
-0,326883	0,000000	0,000000	0,000000	19,100000	0,000000	0,000000	61730,100000	0,000000	-0,000191	0,000000	0,000000
-0,326883	0,000000	0,000000	0,000000	20,700000	0,000000	0,000000	61750,800000	0,000000	-0,000207	0,000000	0,000000
-0,326883	0,000000	0,000000	0,000000	19,600000	0,000000	0,000000	61770,400000	0,000000	-0,000196	0,000000	0,000000
-0,326883	0,000000	0,000000	0,000000	20,650000	0,000000	0,000000	61791,050000	0,000000	-0,000206	0,000000	0,000000
-0,326883	0,000000	0,000000	0,000000	28,500000	0,000000	0,000000	61819,550000	0,000000	-0,000285	0,000000	0,000000
-0,326883	0,000000	0,000000	0,000000	19,100000	0,000000	0,000000	61838,650000	0,000000	-0,000191	0,000000	0,000000
-0,217922	0,000000	0,000000	0,000000	20,600000	0,000000	0,000000	61859,250000	0,000000	-0,000206	0,000000	0,000000
-0,326883	0,000000	0,000000	0,000000	19,550000	0,000000	0,000000	61878,800000	0,000000	-0,000195	0,000000	0,000000
-0,326883	-0,101232	0,000000	0,101232	19,600000	0,000000	0,000000	61898,400000	0,040691	0,000000	0,000000	0,000000
-0,326883	0,000000	0,000000	0,000000	26,250000	0,000000	0,000000	61924,650000	0,000266	0,000000	0,000000	0,000000
-0,217922	0,000000	0,000000	0,000000	20,600000	0,000000	0,000000	61945,250000	0,000000	-0,000206	0,000000	0,000000
-0,326883	0,000000	0,000000	0,000000	19,500000	0,000000	0,000000	61964,750000	0,000000	-0,000195	0,000000	0,000000
-0,326883	0,000000	0,000000	0,000000	20,650000	0,000000	0,000000	61985,400000	0,000000	-0,000206	0,000000	0,000000
-0,326883	0,000000	0,000000	0,000000	19,500000	0,000000	0,000000	62004,900000	0,000000	-0,000195	0,000000	0,000000
-0,326883	0,000000	0,000000	0,000000	27,850000	0,000000	0,000000	62032,750000	0,000000	-0,000278	0,000000	0,000000
-0,326883	0,000000	0,000000	0,000000	18,950000	0,000000	0,000000	62051,700000	0,000000	-0,000189	0,000000	0,000000
-0,326883	0,000000	0,000000	0,000000	20,500000	0,000000	0,000000	62072,200000	0,000000	-0,000205	0,000000	0,000000
-0,326883	0,000000	0,000000	0,000000	19,150000	0,000000	0,000000	62091,350000	0,000000	-0,000191	0,000000	0,000000
-0,272403	0,000000	0,000000	0,000000	20,750000	0,000000	0,000000	62112,100000	0,000000	-0,000207	0,000000	0,000000
-0,326883	0,000000	0,000000	0,000000	26,900000	0,000000	0,000000	62139,000000	0,000000	-0,000269	0,000000	0,000000
-0,272403	0,000000	0,000000	0,000000	19,900000	0,000000	0,000000	62158,900000	0,000000	-0,000199	0,000000	0,000000
-0,326883	0,000000	0,000000	0,000000	19,850000	0,000000	0,000000	62178,750000	0,000000	-0,000198	0,000000	0,000000
-0,326883	0,000000	0,000000	0,000000	20,450000	0,000000	0,000000	62199,200000	0,000000	-0,000204	0,000000	0,000000
-0,217922	0,000000	0,000000	0,000000	19,500000	0,000000	0,000000	62218,700000	0,000000	-0,000195	0,000000	0,000000
-0,272403	0,000000	0,000000	0,000000	28,300000	0,000000	0,000000	62247,000000	0,000000	-0,000283	0,000000	0,000000
-0,326883	0,000000	0,000000	0,000000	19,650000	0,000000	0,000000	62266,650000	0,000000	-0,000196	0,000000	0,000000
-0,326883	0,000000	0,000000	0,000000	20,450000	0,000000	0,000000	62287,100000	0,000000	-0,000204	0,000000	0,000000
-0,326883	0,000000	0,000000	0,000000	19,150000	0,000000	0,000000	62306,250000	0,000000	-0,000191	0,000000	0,000000
-0,326883	0,000000	0,000000	0,000000	21,550000	0,000000	0,000000	62327,800000	0,000000	-0,000215	0,000000	0,000000
-0,326883	0,000000	0,000000	0,000000	27,100000	0,000000	0,000000	62354,900000	0,000000	-0,000271	0,000000	0,000000
-0,326883	0,000000	0,000000	0,000000	19,900000	0,000000	0,000000	62374,800000	0,000000	-0,000199	0,000000	0,000000
-0,217922	0,000000	0,000000	0,000000	19,650000	0,000000	0,000000	62394,450000	0,000000	-0,000196	0,000000	0,000000
-0,272403	0,000000	0,000000	0,000000	20,600000	0,000000	0,000000	62415,050000	0,000000	-0,000206	0,000000	0,000000
-0,326883	0,000000	0,000000	0,000000	19,150000	0,000000	0,000000	62434,200000	0,000000	-0,000191	0,000000	0,000000
-0,326883	0,000000	0,000000	0,000000	20,700000	0,000000	0,000000	62454,900000	0,000000	-0,000207	0,000000	0,000000
-0,326883	0,000000	0,000000	0,000000	19,650000	0,000000	0,000000	62474,550000	0,000000	-0,000196	0,000000	0,000000
-0,326883	0,000000	0,000000	0,000000	20,450000	0,000000	0,000000	62495,000000	0,000000	-0,000204	0,000000	0,000000
-0,326883	0,000000	0,000000	0,000000	19,600000	0,000000	0,000000	62514,600000	0,000000	-0,000196	0,000000	0,000000
-0,326883	0,000000	0,000000	0,000000	23,000000	0,000000	0,000000	62537,600000	0,000000	-0,000230	0,000000	0,000000
-0,326883	-0,101232	0,000000	0,101232	17,400000	0,000000	0,000000	62555,000000	0,040669	0,000000	0,000000	0,000000
-0,326883	0,000000	0,000000	0,000000	19,900000	0,000000	0,000000	62574,900000	0,000201	0,000000	0,000000	0,000000
-0,326883	0,000000	0,000000	0,000000	19,800000	0,000000	0,000000	62594,700000	0,000000	-0,000198	0,000000	0,000000
-0,326883	0,000000	0,000000	0,000000	20,500000	0,000000	0,000000	62615,200000	0,000000	-0,000205	0,000000	0,000000
-0,217922	0,000000	0,000000	0,000000	19,200000	0,000000	0,000000	62634,400000	0,000000	-0,000192	0,000000	0,000000
-0,326883	0,000000	0,000000	0,000000	20,700000	0,000000	0,000000	62655,100000	0,000000	-0,000207	0,000000	0,000000
-0,326883	0,000000	0,000000	0,000000	19,800000	0,000000	0,000000	62674,900000	0,000000	-0,000198	0,000000	0,000000
-0,326883	-0,101232	0,000000	0,101232	20,700000	0,000000	0,000000	62695,600000	0,040703	0,000000	0,000000	0,000000
-0,217922	0,000000	0,000000	0,000000	19,100000	0,000000	0,000000	62714,700000	0,000193	0,000000	0,000000	0,000000
-0,326883	0,000000	0,000000	0,000000	20,600000	0,000000	0,000000	62735,300000	0,000000	-0,000206	0,000000	0,000000
-0,326883	0,000000	0,000000	0,000000	19,600000	0,000000	0,000000	62754,900000	0,000000	-0,000196	0,000000	0,000000
-0,326883	0,000000	0,000000	0,000000	27,500000	0,000000	0,000000	62782,400000	0,000000	-0,000275	0,000000	0,000000
-0,326883	0,000000	0,000000	0,000000	19,100000	0,000000	0,000000	62801,500000	0,000000	-0,000191	0,000000	0,000000
-0,326883	0,000000	0,000000	0,000000	20,700000	0,000000	0,000000	62822,200000	0,000000	-0,000207	0,000000	0,000000
-0,217922	0,000000	0,000000	0,000000	19,550000	0,000000	0,000000	62841,750000	0,000000	-0,000195	0,000000	0,000000
-0,326883	0,000000	0,000000	0,000000	20,600000	0,000000	0,000000	62862,350000	0,000000	-0,000206	0,000000	0,000000
-0,326883	0,000000	0,000000	0,000000	19,550000	0,000000	0,000000	62881,900000	0,000000	-0,000195	0,000000	0,000000
-0,326883	-0,050616	0,000000	0,050616	20,400000	0,000000	0,000000	62902,300000	0,020350	0,000000	0,000000	0,000000
-0,326883	0,000000	0,000000	0,000000	19,550000	0,000000	0,000000	62921,850000	0,000099	0,000000	0,000000	0,000000
